     0/299     1.92G    0.1115   0.03279   0.05498    0.1993        51       640    0.8769  0.002933  0.000234 3.574e-05    0.1045   0.02913   0.04734
     1/299     3.03G    0.0989   0.03359   0.03945    0.1719        38       640    0.8808   0.00361 0.0007206 0.0001228   0.09497   0.03207   0.03388
     2/299     3.03G   0.09169   0.03432   0.03432    0.1603        48       640    0.7532   0.01647  0.001279 0.0002244   0.09154   0.03195   0.03113
     3/299     3.03G   0.08767   0.03427   0.03186    0.1538        42       640    0.8964   0.02482   0.01279  0.003058   0.08541   0.03083   0.02772
     4/299     3.03G   0.08308   0.03214    0.0286    0.1438        35       640    0.8925   0.03204    0.0142  0.003328   0.08124   0.03036     0.026
     5/299     3.03G   0.08081   0.03091   0.02644    0.1382        33       640    0.7699   0.07548   0.01791  0.003717   0.08094   0.02971   0.02512
     6/299     3.03G   0.07578   0.03003   0.02548    0.1313        37       640    0.8023   0.05828   0.04168   0.01233   0.07441   0.02987   0.02367
     7/299     3.03G   0.07327   0.03015   0.02444    0.1279        42       640     0.939   0.05257   0.05465    0.0181   0.07189   0.03019   0.02342
     8/299     3.03G   0.07085   0.02976    0.0234     0.124        47       640    0.9277   0.04693   0.04223  0.009888   0.07538   0.02875   0.02231
     9/299     3.03G   0.07074   0.02978   0.02285    0.1234        52       640    0.9395   0.05099   0.06756   0.02349   0.07099   0.03115   0.02291
    10/299     3.03G   0.06775   0.02999   0.02276    0.1205        29       640    0.8062   0.06009   0.05335   0.01688   0.07171   0.03168   0.02363
    11/299     3.03G   0.06562   0.02979   0.02171    0.1171        43       640     0.844   0.07621   0.07465   0.02737    0.0691   0.03036   0.02696
    12/299     3.03G   0.06445   0.03002   0.02064    0.1151        50       640    0.6029    0.1383    0.0885   0.03228   0.06282   0.03124    0.0211
    13/299     3.03G   0.06244   0.02989   0.01981    0.1121        32       640     0.619    0.1234   0.09711   0.03286   0.06243   0.03005   0.01999
    14/299     3.03G   0.06133   0.02966    0.0194    0.1104        44       640    0.6141    0.1464    0.1087   0.04645   0.05915   0.02937   0.02024
    15/299     3.03G   0.06082   0.02966   0.01909    0.1096        66       640    0.3464    0.1716   0.09189   0.03447   0.06297   0.02902   0.02066
    16/299     3.03G   0.06007   0.02912   0.01808    0.1073        55       640    0.4725    0.1939    0.1035    0.0349   0.06109   0.02918   0.02031
    17/299     3.03G   0.05844   0.02849   0.01802    0.1049        40       640    0.5861    0.1673    0.1134   0.04839   0.05939   0.02837   0.02019
    18/299     3.03G    0.0581   0.02983    0.0182    0.1061        33       640    0.4608     0.167   0.09498   0.03786   0.05927   0.02947   0.02075
    19/299     3.03G   0.05781   0.02875   0.01742     0.104        46       640    0.4521     0.156    0.1228   0.04423   0.06108   0.02874    0.0214
    20/299     3.03G   0.05642   0.02868   0.01728    0.1024        57       640    0.3497    0.1417   0.08475   0.03681   0.06113   0.02966   0.02068
    21/299     3.03G   0.05598   0.02817   0.01692    0.1011        42       640    0.4483    0.1266    0.0942   0.03721   0.06173   0.02967   0.02099
    22/299     3.03G   0.05616   0.02771   0.01582   0.09969        38       640    0.3808    0.2015    0.1233   0.04866   0.05715   0.02828    0.0187
    23/299     3.03G   0.05564   0.02841   0.01559   0.09964        60       640     0.501    0.1278   0.08797    0.0364   0.05926   0.02988    0.0196
    24/299     3.03G   0.05454   0.02753   0.01498   0.09704        25       640     0.546    0.2297     0.142   0.05287    0.0584   0.02887   0.01995
    25/299     3.03G   0.05367    0.0277   0.01459   0.09596        44       640    0.3655     0.165    0.1129   0.04465   0.05824   0.02931   0.01936
    26/299     3.03G   0.05389    0.0272    0.0149   0.09599        35       640    0.5412    0.1381     0.118   0.04442   0.05807   0.02812   0.01928
    27/299     3.03G   0.05327   0.02843   0.01414   0.09584        60       640    0.3943    0.1413   0.09621   0.03804   0.06136      0.03   0.01792
    28/299     3.03G   0.05269    0.0272   0.01342   0.09331        38       640    0.2692    0.1515    0.1074   0.04025   0.06088   0.02935   0.02001
    29/299     3.03G    0.0528    0.0275    0.0137     0.094        56       640    0.2521    0.2072    0.1265    0.0514   0.05559   0.02819   0.01927
    30/299     3.03G   0.05294   0.02769    0.0137   0.09433        43       640    0.2525    0.2355     0.124   0.05071   0.05573   0.02858   0.01849
    31/299     3.03G    0.0526   0.02712   0.01351   0.09323        30       640    0.2442    0.1376   0.08716   0.03598   0.05957   0.02993    0.0233
    32/299     3.03G     0.052   0.02754   0.01284   0.09238        53       640    0.4988    0.1605    0.1389   0.05544   0.05468   0.02844   0.02048
    33/299     3.03G   0.05165   0.02764   0.01232   0.09162        38       640    0.6231    0.1257    0.1144   0.04811   0.05794   0.02849    0.0186
    34/299     3.03G   0.05215   0.02795   0.01305   0.09315        49       640    0.2607    0.2046    0.1339   0.05632    0.0558   0.02847    0.0191
    35/299     3.03G   0.05126   0.02738   0.01204   0.09068        49       640    0.3216    0.1789    0.1276   0.04941   0.05919   0.03054   0.02315
    36/299     3.03G   0.05216   0.02761    0.0128   0.09257        42       640    0.3319    0.1827    0.1416   0.06134   0.05441   0.02873   0.01808
    37/299     3.03G   0.05019   0.02744   0.01155   0.08917        41       640    0.2897    0.1997    0.1368   0.05162   0.05621   0.02881   0.01896
    38/299     3.03G   0.05006   0.02686   0.01184   0.08876        28       640    0.3711    0.1618    0.1387   0.05414   0.05486   0.02817   0.01725
    39/299     3.03G   0.04999   0.02777   0.01119   0.08895        55       640    0.3208    0.2245    0.1452    0.0604   0.05642   0.02909   0.01946
    40/299     3.03G   0.04963   0.02752   0.01133   0.08848        40       640    0.4782    0.1914    0.1594   0.06689   0.05611   0.02882      0.02
    41/299     3.03G   0.04918   0.02727   0.01085    0.0873        49       640    0.3747    0.1744    0.1281   0.05841   0.05577   0.02839   0.01866
    42/299     3.03G   0.04968    0.0263   0.01058   0.08656        48       640    0.3172    0.1399    0.1144   0.04506   0.05672   0.02938    0.0185
    43/299     3.03G   0.04785   0.02659   0.01058   0.08502        28       640    0.2617    0.2082    0.1219   0.05098   0.05537   0.02847   0.01887
    44/299     3.03G   0.04863   0.02641    0.0103   0.08535        44       640    0.4235    0.1525    0.1144   0.04879   0.05584   0.02906   0.02047
    45/299     3.03G   0.04849   0.02565   0.01045   0.08459        29       640    0.4935    0.1393    0.1218   0.05007   0.05673   0.02832   0.02158
    46/299     3.03G   0.04914   0.02688  0.009627   0.08565        32       640    0.3163    0.1603    0.1538   0.06514   0.05507   0.02854   0.01867
    47/299     3.03G   0.04781   0.02618   0.00995   0.08394        44       640    0.5154    0.1279    0.1282   0.05219   0.05539   0.02872   0.01936
    48/299     3.03G   0.04758     0.026   0.00975   0.08334        39       640    0.3987    0.1516    0.1072   0.04413   0.05949   0.02984   0.02023
    49/299     3.03G   0.04691   0.02557  0.008712    0.0812        57       640    0.3001    0.1737    0.1304   0.05433   0.05639   0.02831   0.02083
    50/299     3.03G   0.04771   0.02616  0.009001   0.08288        44       640    0.3072    0.1878    0.1361   0.05427   0.05638   0.02915   0.01894
    51/299     3.03G   0.04726    0.0264  0.009446    0.0831        49       640    0.2748    0.2408    0.1379   0.06062    0.0564    0.0298   0.02068
    52/299     3.03G   0.04726   0.02544  0.009131   0.08183        51       640    0.4305    0.1569    0.1222   0.05169   0.05681   0.02869    0.0223
    53/299     3.03G   0.04636   0.02534  0.008509   0.08021        49       640    0.4438    0.1874    0.1612   0.06094   0.05491    0.0283   0.01968
    54/299     3.03G   0.04641   0.02598  0.008866   0.08125        44       640    0.2627    0.2201    0.1372   0.06015   0.05468   0.02892   0.02083
    55/299     3.03G   0.04597   0.02588  0.008726   0.08057        43       640    0.3726     0.203    0.1465    0.0553   0.05585   0.02919   0.02066
    56/299     3.03G   0.04716    0.0261   0.00834    0.0816        29       640    0.3277    0.1667    0.1274   0.05529   0.05647   0.02862   0.02029
    57/299     3.03G   0.04606   0.02561  0.008928    0.0806        56       640    0.3627    0.1603    0.1343   0.05429    0.0543   0.02893   0.01915
    58/299     3.03G   0.04558   0.02531  0.008125   0.07902        34       640    0.2495    0.1849    0.1178     0.053   0.05722   0.02898   0.01969
    59/299     3.03G   0.04552   0.02582  0.008458    0.0798        39       640    0.2789    0.1836    0.1181   0.04998   0.05679   0.02963   0.01992
    60/299     3.03G   0.04582   0.02565   0.00806   0.07953        51       640    0.2883    0.1504    0.1284   0.05987   0.05441   0.02883   0.01966
    61/299     3.03G   0.04527    0.0253  0.007561   0.07813        54       640    0.3941    0.1613    0.1244   0.05281   0.05527   0.02937   0.01964
    62/299     3.03G   0.04527   0.02505  0.007863   0.07818        46       640    0.3412    0.1697    0.1403   0.05632   0.05563   0.02851   0.02016
    63/299     3.03G   0.04473   0.02465  0.007796   0.07718        36       640    0.3203    0.1588    0.1237   0.05015    0.0566   0.02949   0.02232
    64/299     3.03G   0.04479   0.02494   0.00733   0.07705        48       640    0.2866     0.202    0.1354   0.05632   0.05478   0.02896   0.01927
    65/299     3.03G   0.04447    0.0245  0.007752   0.07672        37       640    0.3228    0.1517    0.1388   0.05893   0.05556   0.02952   0.02011
    66/299     3.03G   0.04365   0.02416  0.007428   0.07524        65       640    0.4089    0.1296    0.1162   0.05422   0.05569   0.02883   0.01999
    67/299     3.03G   0.04358   0.02475  0.007272    0.0756        63       640     0.299    0.1909    0.1294   0.05584   0.05429   0.02879    0.0208
    68/299     3.03G   0.04382   0.02457  0.006699   0.07508        31       640    0.3916    0.1603    0.1323   0.05544   0.05568   0.02904   0.02039
    69/299     3.03G    0.0441   0.02461  0.006977   0.07569        37       640    0.3136    0.1499    0.1226   0.05251   0.05429   0.02919    0.0207
    70/299     3.03G   0.04376   0.02387  0.006688   0.07433        61       640    0.3686     0.189    0.1533   0.06352   0.05488   0.02919   0.01968
    71/299     3.03G   0.04356   0.02406  0.006303   0.07392        52       640     0.291    0.1748    0.1141   0.05269   0.05652   0.02952   0.02272
    72/299     3.03G   0.04307   0.02466  0.006385   0.07411        65       640    0.3488    0.1585    0.1245   0.05513    0.0559   0.03021   0.02211
    73/299     3.03G    0.0428   0.02387  0.006033    0.0727        39       640    0.1818      0.19    0.1305   0.05804   0.05479    0.0291   0.02177
    74/299     3.03G   0.04258     0.024  0.006537   0.07312        60       640    0.2841    0.1551    0.1189    0.0506   0.05565   0.02932   0.02048
    75/299     3.03G   0.04258   0.02378  0.005916   0.07227        53       640    0.3277    0.1845    0.1365   0.05776   0.05427   0.02963   0.02137
    76/299     3.03G   0.04309   0.02401  0.006205   0.07331        39       640     0.322    0.1645    0.1407   0.07159   0.05487   0.02995   0.02272
    77/299     3.03G   0.04275   0.02358  0.006185   0.07252        35       640    0.1815     0.159    0.1231   0.05483   0.05518   0.02955   0.02177
    78/299     3.03G   0.04246   0.02393  0.005937   0.07233        48       640    0.1936    0.1486    0.1208   0.05612   0.05533   0.02988   0.02242
    79/299     3.03G   0.04156   0.02396  0.005257   0.07078        38       640    0.1973    0.1833    0.1376   0.05826   0.05576   0.03008   0.02224
    80/299     3.03G   0.04106   0.02382  0.005738   0.07062        58       640    0.3528    0.1601    0.1251   0.05197   0.05493   0.02941   0.02247
    81/299     3.03G   0.04177   0.02395  0.005791   0.07151        49       640    0.1426      0.22    0.1141   0.04965   0.05709   0.03039   0.02249
    82/299     3.03G   0.04163   0.02391  0.005389   0.07093        52       640    0.1675    0.2162    0.1455   0.06709    0.0552   0.02951   0.02205
    83/299     3.03G   0.04134    0.0234  0.005536   0.07028        24       640      0.27    0.1416    0.1116   0.04881   0.05427    0.0299   0.02141
    84/299     3.03G    0.0409   0.02347  0.005723   0.07009        54       640    0.1599    0.1654    0.1186   0.05095   0.05487   0.02944   0.02287
    85/299     3.03G   0.04047   0.02314  0.005208   0.06882        53       640     0.357    0.1471    0.1265   0.05508   0.05588    0.0296   0.02182
    86/299     3.03G   0.04089   0.02257  0.005322   0.06879        45       640    0.2048    0.1727    0.1401   0.05944   0.05586   0.03023   0.02173
    87/299     3.03G   0.04102    0.0236  0.005251   0.06987        44       640     0.502    0.1341    0.1166   0.05782   0.05536     0.031   0.02121
    88/299     3.03G   0.04126   0.02308  0.005254   0.06959        47       640    0.3608    0.1539    0.1293    0.0538   0.05578   0.03069   0.02051
    89/299     3.03G   0.04055     0.023  0.005251    0.0688        33       640    0.4377     0.139    0.1285   0.05632   0.05588   0.03042   0.02183
    90/299     3.03G   0.04025   0.02311  0.004884   0.06824        63       640    0.2291    0.1889    0.1371   0.05725   0.05467   0.03002   0.02339
    91/299     3.03G   0.04107   0.02262   0.00527   0.06895        50       640    0.2669    0.1564     0.134   0.05405   0.05521   0.03013    0.0207
    92/299     3.03G   0.04021   0.02276  0.004941   0.06792        47       640    0.1496     0.193    0.1269   0.05297   0.05671   0.03061   0.02144
    93/299     3.03G   0.03973   0.02285  0.004934   0.06751        47       640    0.1653     0.219    0.1371   0.05605   0.05498   0.03031   0.02126
    94/299     3.03G   0.03988   0.02246  0.004632   0.06697        35       640    0.3308     0.175    0.1365   0.05954   0.05541   0.03045   0.02121
    95/299     3.03G   0.03971   0.02285  0.004486   0.06705        45       640    0.2062    0.1853    0.1488   0.06456   0.05553   0.03075   0.02137
    96/299     3.03G   0.03915   0.02285  0.004475   0.06648        48       640    0.3487    0.1426    0.1296   0.05705   0.05507   0.03067   0.02323
    97/299     3.03G   0.03907   0.02247  0.004597   0.06614        41       640    0.2357    0.1824    0.1398   0.05764   0.05431   0.03071   0.02258
    98/299     3.03G    0.0391    0.0223  0.004526   0.06592        34       640    0.3067    0.1655    0.1417   0.06154   0.05431   0.03088   0.02271
    99/299     3.03G   0.03889   0.02238  0.004549   0.06582        57       640    0.1805    0.2047    0.1257   0.05614   0.05518   0.03111   0.02396
   100/299     3.03G   0.03892   0.02243  0.004332   0.06568        37       640    0.3435    0.1746    0.1379   0.05736   0.05468   0.03066   0.02353
   101/299     3.03G   0.03851   0.02214  0.004291   0.06493        29       640    0.1863    0.1817    0.1419   0.05783   0.05522   0.02972   0.02196
   102/299     3.03G   0.03891   0.02227  0.004336   0.06551        53       640    0.2135    0.1373    0.1216     0.055   0.05546   0.03097   0.02413
   103/299     3.03G   0.03822   0.02177  0.004692   0.06468        54       640    0.2069    0.1667    0.1278    0.0544   0.05503   0.03047   0.02241
   104/299     3.03G   0.03905   0.02217  0.004584    0.0658        42       640     0.412     0.159    0.1354   0.05952   0.05489   0.03114    0.0222
   105/299     3.03G   0.03783   0.02173  0.004239    0.0638        59       640    0.3708    0.1641    0.1301    0.0564   0.05569   0.03147   0.02272
   106/299     3.03G   0.03817   0.02182  0.004481   0.06447        49       640    0.2403    0.1386    0.1223   0.05273   0.05589   0.03096   0.02301
   107/299     3.03G   0.03785   0.02163  0.004233   0.06371        33       640     0.227    0.1857    0.1329   0.05668   0.05473   0.03105   0.02377
   108/299     3.03G   0.03785   0.02132  0.004332    0.0635        34       640    0.2257    0.1605    0.1402   0.06106   0.05444   0.03038   0.02316
   109/299     3.03G   0.03857   0.02193  0.004176   0.06468        47       640    0.2966    0.1607    0.1519    0.0646   0.05482   0.03095   0.02222
   110/299     3.03G   0.03784   0.02159  0.004305   0.06373        38       640    0.2379    0.2286    0.1785   0.07061   0.05415   0.03099   0.02097
   111/299     3.03G   0.03705   0.02158  0.003707   0.06234        46       640     0.236    0.1703    0.1348    0.0549   0.05525   0.03109   0.02316
   112/299     3.03G    0.0374   0.02188  0.004025   0.06331        34       640    0.3496    0.1775    0.1476   0.06747   0.05472   0.03233   0.02359
   113/299     3.03G    0.0375   0.02159  0.004048   0.06314        52       640    0.3217    0.1697    0.1387   0.06063   0.05499   0.03066   0.02269
   114/299     3.03G   0.03738   0.02184  0.004544   0.06377        43       640    0.1843    0.1912    0.1445   0.06023   0.05509   0.03107   0.02217
   115/299     3.03G   0.03673    0.0212  0.003605   0.06154        45       640    0.3182    0.1817    0.1273   0.05329   0.05573   0.03066   0.02205
   116/299     3.03G   0.03695   0.02156  0.003793    0.0623        58       640    0.1789    0.1686    0.1316   0.05424   0.05659    0.0319    0.0229
   117/299     3.03G   0.03713   0.02114  0.003847   0.06211        51       640    0.3776    0.1725    0.1495    0.0635   0.05485   0.03078    0.0235
   118/299     3.03G   0.03735   0.02119  0.003832   0.06237        42       640     0.222    0.1706    0.1439   0.06023   0.05558   0.03076   0.02295
   119/299     3.03G   0.03626   0.02109  0.003511   0.06086        62       640    0.1524    0.2094    0.1277   0.05485   0.05515   0.03061   0.02347
   120/299     3.03G   0.03656   0.02095  0.003661   0.06117        38       640    0.2781    0.1847    0.1501   0.06079   0.05556   0.03145   0.02315
   121/299     3.03G   0.03647   0.02043   0.00361   0.06051        35       640    0.2234    0.1792    0.1458   0.06127   0.05572    0.0322   0.02376
   122/299     3.03G   0.03567   0.02098  0.003623   0.06027        38       640    0.1802    0.1881    0.1201   0.05244    0.0563    0.0311    0.0225
   123/299     3.03G   0.03599   0.02089  0.003729   0.06061        44       640    0.2038    0.1566    0.1224   0.05366   0.05519   0.03237   0.02271
   124/299     3.03G   0.03524   0.02083  0.003666   0.05973        54       640     0.238    0.1663    0.1411   0.06037    0.0551   0.03194   0.02268
   125/299     3.03G   0.03583   0.02132   0.00332   0.06047        55       640    0.1791    0.2085    0.1512   0.06617   0.05449   0.03219    0.0221
   126/299     3.03G   0.03566   0.02101  0.003256   0.05992        41       640    0.2096    0.1824    0.1278   0.05469   0.05558   0.03159   0.02448
   127/299     3.03G   0.03541   0.02115  0.003227   0.05978        59       640    0.1557    0.1987    0.1279   0.05236   0.05474   0.03157   0.02366
   128/299     3.03G   0.03512   0.02033  0.003535   0.05898        41       640    0.2427    0.1727    0.1446   0.05432   0.05581   0.03204   0.02509
   129/299     3.03G   0.03536   0.02018  0.003465   0.05901        37       640    0.2217     0.166    0.1263   0.05708   0.05512   0.03208    0.0248
   130/299     3.03G    0.0352   0.02059  0.003668   0.05946        53       640    0.2268    0.1586    0.1421   0.05565   0.05528   0.03254   0.02414
   131/299     3.03G   0.03528   0.02023  0.003361   0.05887        37       640    0.2255    0.1718     0.143   0.05952   0.05566   0.03363   0.02378
   132/299     3.03G   0.03505   0.01995  0.003329   0.05833        36       640    0.2078    0.1714    0.1349   0.05435   0.05638   0.03164   0.02339
   133/299     3.03G   0.03453   0.02022  0.003259   0.05801        60       640     0.214    0.1774    0.1352   0.05559   0.05545   0.03224    0.0228
   134/299     3.03G   0.03423   0.02001  0.003126   0.05737        42       640    0.2106    0.2053    0.1539    0.0651   0.05469   0.03262    0.0241
   135/299     3.03G   0.03513   0.01973  0.003146     0.058        43       640    0.2289    0.1753    0.1428   0.05765   0.05472   0.03271   0.02328
   136/299     3.03G   0.03404   0.02017  0.003157   0.05737        41       640    0.2359    0.1851    0.1454   0.06209    0.0553   0.03327   0.02291
   137/299     3.03G   0.03474   0.02006  0.003098    0.0579        49       640    0.2354    0.1951     0.147   0.05916   0.05505   0.03302   0.02249
   138/299     3.03G   0.03418   0.01965  0.002895   0.05672        60       640    0.2177    0.1911     0.153    0.0634   0.05448   0.03238   0.02335
   139/299     3.03G    0.0338   0.01964  0.003184   0.05662        50       640    0.2333    0.1743    0.1552   0.06288   0.05549   0.03248   0.02402
   140/299     3.03G   0.03427   0.01967  0.002788   0.05673        46       640    0.2719    0.1731    0.1461   0.06082   0.05614   0.03263   0.02276
   141/299     3.03G    0.0335    0.0197  0.003365   0.05656        39       640     0.206    0.1881    0.1386   0.05857   0.05438   0.03269   0.02263
   142/299     3.03G   0.03336   0.01956  0.003125   0.05604        50       640    0.1848    0.1723    0.1296   0.05756   0.05489   0.03336   0.02499
   143/299     3.03G   0.03382   0.01977  0.003012    0.0566        38       640    0.2149    0.1907    0.1427   0.06185   0.05429   0.03326   0.02313
   144/299     3.03G   0.03354   0.01902  0.002882   0.05544        49       640    0.2099    0.1652    0.1338   0.05926   0.05553   0.03332   0.02337
   145/299     3.03G    0.0333   0.01888  0.002789   0.05497        50       640    0.2362    0.1788    0.1428   0.05927   0.05574   0.03367   0.02514
   146/299     3.03G    0.0329   0.01911  0.002927   0.05494        43       640    0.3646    0.1694    0.1415   0.06028   0.05522   0.03295   0.02341
   147/299     3.03G   0.03321   0.01935  0.002778   0.05534        48       640    0.2587    0.1758     0.138   0.05987   0.05503   0.03353   0.02372
   148/299     3.03G   0.03295   0.01918  0.003014   0.05515        55       640    0.2657    0.1734    0.1494   0.06654   0.05432   0.03335    0.0228
   149/299     3.03G   0.03299   0.01922  0.002731   0.05494        32       640    0.2519     0.171    0.1343    0.0616   0.05456   0.03377   0.02213
   150/299     3.03G   0.03279   0.01936  0.002806   0.05495        42       640    0.1735    0.2097    0.1407   0.05984   0.05525   0.03382   0.02271
   151/299     3.03G   0.03269   0.01946  0.002995   0.05515        57       640    0.1746    0.1982    0.1394   0.06045   0.05567   0.03328   0.02212
   152/299     3.03G   0.03252   0.01929  0.002869   0.05468        49       640    0.2137    0.1701    0.1446    0.0602   0.05446   0.03292   0.02362
   153/299     3.03G    0.0322   0.01899  0.002753   0.05395        45       640    0.2035    0.1812    0.1344   0.05812   0.05521   0.03442   0.02257
   154/299     3.03G   0.03251   0.01924  0.003045    0.0548        47       640    0.2083    0.1683    0.1312   0.05553   0.05554   0.03353   0.02337
   155/299     3.03G   0.03218   0.01913  0.002799   0.05411        25       640    0.2309    0.1833     0.144    0.0609    0.0559   0.03333   0.02297
   156/299     3.03G   0.03209   0.01817  0.002881   0.05314        49       640    0.2783    0.1617    0.1459   0.06057   0.05583   0.03333   0.02336
   157/299     3.03G    0.0325   0.01907  0.002753   0.05432        50       640    0.2375    0.1762     0.139   0.05693   0.05534   0.03301   0.02275
   158/299     3.03G   0.03192   0.01883  0.002805   0.05356        42       640    0.2013    0.1951     0.143   0.06192   0.05529   0.03434   0.02329
   159/299     3.03G    0.0325   0.01903  0.003106   0.05464        69       640    0.2825    0.1522    0.1362   0.05612   0.05595   0.03481   0.02366
   160/299     3.03G   0.03179   0.01897  0.003084   0.05384        54       640    0.2113    0.1797    0.1371   0.05602   0.05578   0.03408   0.02348
   161/299     3.03G   0.03195   0.01849  0.002613   0.05305        43       640    0.2505    0.1813    0.1468   0.06088   0.05488   0.03371   0.02288
   162/299     3.03G   0.03154   0.01864   0.00267   0.05286        51       640    0.3147    0.1618    0.1447   0.05837   0.05496   0.03442     0.023
   163/299     3.03G   0.03181   0.01829  0.002735   0.05284        54       640    0.2291     0.185    0.1516   0.06231   0.05567    0.0346   0.02197
   164/299     3.03G   0.03154   0.01849  0.002589   0.05262        45       640     0.269    0.1725    0.1337   0.05893   0.05485   0.03374   0.02327
   165/299     3.03G   0.03148   0.01859  0.002453   0.05253        38       640    0.1863    0.1946     0.141   0.06102   0.05511   0.03374   0.02353
   166/299     3.03G   0.03113   0.01803  0.002279   0.05144        42       640    0.2698    0.1706    0.1426    0.0608   0.05553   0.03462   0.02457
   167/299     3.03G   0.03123   0.01793  0.002525   0.05169        47       640    0.2138    0.1599    0.1311   0.05617   0.05592   0.03546   0.02399
   168/299     3.03G   0.03133   0.01853  0.002736   0.05259        53       640    0.1851     0.175    0.1339   0.05354    0.0553   0.03416   0.02416
   169/299     3.03G   0.03102   0.01894   0.00247   0.05243        56       640    0.4023    0.1615    0.1435   0.05989   0.05526   0.03479   0.02433
   170/299     3.03G   0.03121   0.01825  0.002355   0.05182        55       640    0.2579     0.164    0.1394   0.05656    0.0556   0.03515   0.02451
   171/299     3.03G   0.03094   0.01846  0.002317   0.05172        39       640    0.1734    0.1721    0.1346   0.05652   0.05569   0.03465   0.02368
   172/299     3.03G   0.03076   0.01773  0.002196   0.05069        52       640    0.1615    0.1893    0.1343   0.05716   0.05571   0.03496    0.0236
   173/299     3.03G   0.03027   0.01804  0.002387    0.0507        56       640    0.2634     0.169     0.142    0.0607   0.05597   0.03402   0.02499
   174/299     3.03G   0.03086   0.01849  0.002618   0.05196        51       640    0.1783    0.1706    0.1249   0.05359   0.05514   0.03455   0.02458
   175/299     3.03G   0.03016   0.01829  0.002256    0.0507        31       640    0.1795    0.1862    0.1275   0.05488   0.05556   0.03507   0.02446
   176/299     3.03G   0.03031   0.01768  0.002535   0.05052        45       640    0.3213    0.1659    0.1256   0.05156   0.05594   0.03519   0.02524
   177/299     3.03G   0.03068   0.01862  0.002811   0.05211        47       640    0.2639    0.1682    0.1377   0.05464   0.05505   0.03543   0.02384
   178/299     3.03G   0.03014    0.0178  0.002453   0.05039        39       640    0.1865    0.1905    0.1368   0.05724   0.05542   0.03618   0.02313
   179/299     3.03G   0.03017   0.01703  0.002306   0.04951        40       640    0.3098    0.1891    0.1285   0.05475   0.05534    0.0349   0.02363
   180/299     3.03G   0.03002   0.01813  0.002281   0.05043        41       640     0.167    0.1936    0.1374   0.05909   0.05529   0.03536   0.02399
   181/299     3.03G    0.0298   0.01734  0.002213   0.04935        53       640    0.1812    0.1637     0.128   0.05369   0.05584   0.03528   0.02399
   182/299     3.03G      0.03   0.01799  0.002183   0.05017        44       640    0.3711    0.1454    0.1295   0.05334   0.05582   0.03447   0.02576
   183/299     3.03G   0.02971   0.01776  0.002214   0.04969        44       640     0.255     0.165    0.1526   0.06026   0.05601   0.03488   0.02475
   184/299     3.03G   0.02963   0.01802  0.002515   0.05016        38       640    0.1967    0.1731    0.1401   0.05677   0.05574   0.03595   0.02454
   185/299     3.03G   0.02981    0.0172  0.002495    0.0495        34       640    0.2214    0.1557    0.1337   0.05823   0.05523   0.03585   0.02478
   186/299     3.03G   0.02983   0.01776   0.00235   0.04994        29       640     0.257    0.1676    0.1423   0.05914   0.05531   0.03612   0.02463
   187/299     3.03G   0.02915   0.01753  0.002264   0.04894        48       640    0.2066    0.1739    0.1385   0.05734   0.05502   0.03558   0.02523
   188/299     3.03G   0.02909   0.01681  0.002123   0.04802        40       640    0.1856    0.2003    0.1329   0.05632   0.05534   0.03558    0.0252
   189/299     3.03G   0.02956   0.01766   0.00229   0.04951        61       640     0.236     0.176    0.1487   0.06115   0.05547   0.03559    0.0245
   190/299     3.03G   0.02921   0.01716  0.002097   0.04847        46       640    0.2627    0.1778    0.1499   0.06047   0.05534   0.03582   0.02448
   191/299     3.03G   0.02907   0.01756  0.002203   0.04884        55       640    0.2388    0.1817    0.1351   0.05413   0.05581   0.03619    0.0252
   192/299     3.03G   0.02899   0.01735   0.00233   0.04867        67       640     0.185    0.2011    0.1422   0.05596   0.05541   0.03605   0.02516
   193/299     3.03G   0.02871   0.01746   0.00197   0.04814        49       640    0.2557    0.1546    0.1374    0.0575   0.05554   0.03631   0.02461
   194/299     3.03G   0.02896   0.01703   0.00223   0.04822        47       640    0.2558    0.1602    0.1344   0.05615   0.05566   0.03722   0.02408
   195/299     3.03G   0.02876   0.01736   0.00211   0.04822        53       640     0.159    0.2087    0.1363   0.05678   0.05595   0.03641   0.02424
   196/299     3.03G   0.02882   0.01704  0.002235   0.04809        56       640    0.5073    0.1459    0.1296   0.05444   0.05548   0.03619   0.02465
   197/299     3.03G   0.02873   0.01708  0.002288    0.0481        23       640    0.2187    0.1866    0.1471   0.06155   0.05555   0.03603   0.02484
   198/299     3.03G   0.02859   0.01726  0.002138   0.04799        41       640    0.3945      0.16    0.1425   0.05958   0.05603   0.03642   0.02457
   199/299     3.03G   0.02871   0.01691  0.002014   0.04763        58       640    0.2195    0.1702    0.1325   0.05758   0.05601   0.03695   0.02552
   200/299     3.03G   0.02813   0.01674  0.001954   0.04682        30       640    0.1743    0.2024     0.128   0.05609   0.05571   0.03725    0.0243
   201/299     3.03G   0.02864   0.01704  0.002379   0.04807        57       640    0.1675    0.1882    0.1226   0.05357   0.05584   0.03697   0.02479
   202/299     3.03G   0.02862   0.01664  0.002267   0.04753        47       640    0.1834    0.1727    0.1196   0.05319   0.05604   0.03686   0.02541
   203/299     3.03G   0.02807   0.01682  0.001976   0.04687        37       640     0.138    0.2046    0.1172   0.05081   0.05598   0.03703     0.025
   204/299     3.03G   0.02812   0.01696  0.001771   0.04685        37       640    0.1835    0.1555    0.1232   0.05368   0.05595   0.03757   0.02507
   205/299     3.03G   0.02787   0.01691  0.001917   0.04669        48       640    0.1942    0.1666    0.1165   0.05239   0.05616   0.03692   0.02468
   206/299     3.03G   0.02785   0.01659  0.001825   0.04627        50       640    0.1897    0.1803    0.1263   0.05262   0.05597   0.03755   0.02465
   207/299     3.03G   0.02745   0.01636  0.002047   0.04586        45       640     0.226    0.1715    0.1321   0.05213   0.05568   0.03755    0.0245
   208/299     3.03G   0.02784   0.01711  0.002022   0.04697        37       640    0.1832    0.1851    0.1285   0.05484   0.05589   0.03709   0.02391
   209/299     3.03G    0.0279   0.01679  0.001858   0.04654        39       640    0.1654    0.1704    0.1196   0.05197   0.05562   0.03637   0.02476
   210/299     3.03G   0.02747   0.01688  0.001907   0.04625        39       640     0.172     0.166    0.1185   0.05068   0.05564   0.03632   0.02547
   211/299     3.03G   0.02771   0.01641  0.001872   0.04599        67       640    0.2197    0.1637    0.1312   0.05651   0.05511   0.03674   0.02426
   212/299     3.03G   0.02768   0.01634   0.00194   0.04596        55       640    0.1638    0.2018    0.1328   0.05516   0.05542   0.03644   0.02403
   213/299     3.03G   0.02736   0.01615   0.00202   0.04552        44       640    0.1584    0.1913    0.1246   0.05356   0.05589   0.03746    0.0247
   214/299     3.03G   0.02743   0.01678  0.001887   0.04609        40       640    0.2161    0.1613    0.1273   0.05472   0.05593   0.03733   0.02441
   215/299     3.03G   0.02707   0.01633  0.001765   0.04516        51       640    0.1975     0.192    0.1322   0.05703   0.05619   0.03788    0.0246
   216/299     3.03G   0.02724   0.01644  0.001968   0.04564        43       640    0.2375    0.1605    0.1338   0.06024   0.05576   0.03739   0.02375
   217/299     3.03G   0.02677   0.01634  0.001866   0.04498        45       640    0.1894    0.1785    0.1312    0.0581   0.05577    0.0375    0.0251
   218/299     3.03G   0.02724   0.01655  0.001808    0.0456        44       640    0.1982    0.1963    0.1395   0.05607   0.05617   0.03805    0.0253
   219/299     3.03G   0.02662   0.01612  0.001797   0.04454        41       640    0.1875    0.1888    0.1436   0.05933   0.05525   0.03754   0.02593
   220/299     3.03G   0.02733   0.01641  0.001907   0.04565        67       640    0.1985    0.1849    0.1426    0.0601   0.05573   0.03809   0.02472
   221/299     3.03G   0.02688   0.01635  0.001832   0.04507        46       640    0.2292    0.1689    0.1381   0.06009   0.05582   0.03748   0.02486
   222/299     3.03G    0.0267   0.01663  0.001885   0.04521        47       640    0.2178    0.1653     0.136   0.05867   0.05583    0.0378   0.02507
   223/299     3.03G   0.02639   0.01608  0.001902   0.04437        49       640    0.1846    0.1891    0.1311    0.0572   0.05601   0.03734   0.02565
   224/299     3.03G   0.02638   0.01602   0.00171   0.04411        54       640    0.2049    0.1379    0.1224   0.05389   0.05629   0.03813   0.02545
   225/299     3.03G   0.02633   0.01607  0.002015   0.04441        53       640    0.1744    0.1614      0.13   0.05656   0.05627   0.03774   0.02507
   226/299     3.03G   0.02635   0.01611  0.002026   0.04448        49       640     0.162    0.1936    0.1298   0.05748   0.05632   0.03759   0.02505
   227/299     3.03G   0.02617   0.01612  0.001684   0.04398        37       640    0.2463    0.1822    0.1394   0.05926   0.05597   0.03765   0.02402
   228/299     3.03G   0.02599   0.01591  0.001627   0.04352        44       640    0.2315    0.1841    0.1504   0.06321   0.05578   0.03835    0.0243
   229/299     3.03G   0.02639   0.01622  0.001959   0.04457        45       640    0.2122    0.1885    0.1474   0.06052   0.05597   0.03789   0.02474
   230/299     3.03G   0.02586   0.01558  0.001463    0.0429        38       640    0.1763    0.1846    0.1356   0.05772   0.05602   0.03812   0.02445
   231/299     3.03G   0.02599   0.01604  0.001846   0.04388        68       640     0.194    0.1434    0.1281    0.0551   0.05569   0.03814   0.02431
   232/299     3.03G   0.02597   0.01561  0.001788   0.04337        44       640    0.1774    0.1871    0.1401   0.05767   0.05556   0.03822   0.02416
   233/299     3.03G     0.026   0.01587  0.001826    0.0437        50       640    0.1847    0.2024    0.1461   0.05998   0.05587   0.03801   0.02441
   234/299     3.03G   0.02619   0.01574  0.001627   0.04356        68       640    0.1855    0.1957    0.1379   0.05727   0.05612   0.03844   0.02447
   235/299     3.03G   0.02568   0.01595  0.001731   0.04336        50       640    0.2095    0.1822     0.141   0.05593   0.05577   0.03781   0.02425
   236/299     3.03G   0.02568   0.01552   0.00169   0.04288        48       640    0.2516    0.1651    0.1476   0.05946   0.05581   0.03806   0.02521
   237/299     3.03G   0.02541   0.01554  0.001822   0.04277        52       640    0.2273    0.1682    0.1378   0.05754   0.05587    0.0382   0.02513
   238/299     3.03G   0.02555   0.01582  0.001596   0.04297        46       640    0.1935    0.1764    0.1268   0.05294   0.05605   0.03925   0.02514
   239/299     3.03G    0.0254   0.01561   0.00195   0.04295        41       640    0.1623    0.1772    0.1222   0.05303   0.05572    0.0392   0.02556
   240/299     3.03G   0.02534   0.01545  0.001817   0.04261        47       640     0.237    0.1581    0.1348   0.05441   0.05571   0.03887   0.02516
   241/299     3.03G   0.02543   0.01559  0.001547   0.04257        45       640    0.1745      0.18    0.1336   0.05571   0.05604   0.03891   0.02514
   242/299     3.03G   0.02496   0.01536  0.001684     0.042        52       640    0.2041    0.1656    0.1327   0.05416   0.05629   0.03894   0.02491
   243/299     3.03G   0.02536   0.01531  0.002045   0.04271        55       640    0.1763    0.1913    0.1347   0.05615   0.05576   0.03844   0.02471
   244/299     3.03G   0.02525   0.01575  0.001846   0.04285        35       640    0.2085    0.1848    0.1379   0.05703    0.0555   0.03825   0.02421
   245/299     3.03G   0.02558    0.0156  0.001719    0.0429        31       640    0.1961    0.1874    0.1343   0.05592   0.05568   0.03838   0.02443
   246/299     3.03G   0.02509   0.01508  0.001556   0.04173        45       640    0.2416     0.165    0.1371    0.0567   0.05618   0.03847   0.02502
   247/299     3.03G   0.02501   0.01538  0.001607     0.042        38       640    0.2006    0.1823    0.1356   0.05538   0.05629   0.03811   0.02552
   248/299     3.03G   0.02514   0.01576  0.001651   0.04256        39       640     0.196    0.1922    0.1394   0.05982   0.05621   0.03769   0.02589
   249/299     3.03G   0.02534   0.01534  0.001624    0.0423        32       640    0.2271    0.1749    0.1415   0.05891   0.05646   0.03802    0.0256
   250/299     3.03G   0.02508   0.01581  0.001553   0.04244        34       640    0.1942    0.1851     0.142   0.05863   0.05667   0.03861   0.02548
   251/299     3.03G   0.02488    0.0153  0.001563   0.04174        50       640    0.2052    0.1608    0.1311   0.05769    0.0565   0.03951   0.02517
   252/299     3.03G   0.02475   0.01489  0.001572   0.04121        46       640    0.2152    0.1692    0.1426   0.05953   0.05655   0.03926   0.02479
   253/299     3.03G   0.02485   0.01508  0.001615   0.04155        44       640    0.2041    0.1691    0.1395   0.05923   0.05647   0.03914   0.02436
   254/299     3.03G   0.02505   0.01519  0.001362   0.04161        49       640    0.1929    0.1908    0.1343   0.05737   0.05624   0.03856   0.02462
   255/299     3.03G   0.02477   0.01533   0.00141   0.04151        47       640    0.2061    0.1803    0.1444   0.06012   0.05635   0.03908   0.02519
   256/299     3.03G   0.02473   0.01533  0.001726   0.04178        32       640    0.2272    0.1677    0.1375   0.05858   0.05637   0.03944   0.02538
   257/299     3.03G   0.02446   0.01511    0.0015   0.04107        44       640    0.1667    0.2138    0.1371    0.0584   0.05617   0.03964   0.02505
   258/299     3.03G   0.02462   0.01518  0.001496    0.0413        37       640    0.1915    0.2006    0.1403   0.05641   0.05604   0.03936   0.02487
   259/299     3.03G   0.02428   0.01483  0.001541   0.04065        49       640    0.2014    0.1873    0.1371   0.05741   0.05621   0.03908   0.02514
   260/299     3.03G   0.02447   0.01498  0.001569   0.04101        57       640    0.1622    0.2095      0.13    0.0553   0.05643   0.03938   0.02476
   261/299     3.03G   0.02445   0.01499  0.001615   0.04105        32       640    0.1717    0.2006     0.123   0.05438   0.05625   0.03892   0.02482
   262/299     3.03G   0.02447   0.01517   0.00159   0.04123        44       640    0.1827    0.1649      0.12   0.05406   0.05604   0.03924   0.02533
   263/299     3.03G   0.02428    0.0152  0.001479   0.04096        37       640    0.2148    0.1669    0.1333   0.05711   0.05581   0.03919   0.02531
   264/299     3.03G   0.02458   0.01526  0.001454    0.0413        51       640    0.3583    0.1464    0.1347   0.05801   0.05592   0.03997   0.02535
   265/299     3.03G   0.02416   0.01479   0.00156    0.0405        43       640    0.1917    0.1872     0.141   0.05804   0.05601   0.04022   0.02488
   266/299     3.03G   0.02428   0.01503  0.001731   0.04105        38       640    0.2005    0.1648    0.1319   0.05674   0.05626   0.04007   0.02466
   267/299     3.03G   0.02368   0.01493  0.001446   0.04005        44       640    0.1976    0.1956    0.1381   0.05885   0.05607   0.03968    0.0246
   268/299     3.03G   0.02431   0.01486  0.001538   0.04071        49       640     0.238    0.1598    0.1311   0.05691   0.05635   0.03988   0.02464
   269/299     3.03G   0.02406   0.01473  0.001552   0.04034        37       640    0.2655    0.1594     0.142   0.05961   0.05623   0.03986   0.02481
   270/299     3.03G    0.0239   0.01468  0.001434   0.04001        50       640    0.2374    0.1871    0.1458   0.06062   0.05621   0.03986   0.02495
   271/299     3.03G   0.02368   0.01455  0.001473    0.0397        50       640    0.2291    0.1964    0.1443   0.06047    0.0565   0.03978   0.02516
   272/299     3.03G   0.02392   0.01465  0.001536    0.0401        45       640    0.2435    0.1847    0.1495   0.06074   0.05646   0.03997   0.02496
   273/299     3.03G   0.02383   0.01488  0.001533   0.04025        42       640    0.2373    0.1904    0.1519   0.06079   0.05645    0.0397   0.02518
   274/299     3.03G   0.02397   0.01485  0.001629   0.04045        41       640    0.2096    0.1772    0.1372    0.0579   0.05671   0.03972   0.02533
   275/299     3.03G   0.02403   0.01446  0.001461   0.03996        50       640    0.2167    0.1773    0.1449   0.05731   0.05689   0.04032    0.0252
   276/299     3.03G   0.02368   0.01441  0.001493   0.03958        38       640    0.2207    0.1697    0.1306   0.05397   0.05671   0.04024   0.02516
   277/299     3.03G   0.02344   0.01429  0.001347   0.03908        63       640    0.2093    0.1776    0.1372   0.05601   0.05667   0.03994   0.02555
   278/299     3.03G   0.02423   0.01488  0.001475   0.04058        39       640    0.1942    0.1717    0.1343   0.05585   0.05651   0.04026   0.02538
   279/299     3.03G   0.02378   0.01464  0.001247   0.03967        58       640    0.1994    0.1768    0.1388   0.05604   0.05657   0.04012   0.02523
   280/299     3.03G   0.02362   0.01471  0.001432   0.03976        26       640    0.1827       0.2    0.1328    0.0548   0.05652   0.03994   0.02508
   281/299     3.03G   0.02333   0.01464  0.001499   0.03948        44       640    0.1534    0.2002    0.1305   0.05629   0.05639   0.04033   0.02521
   282/299     3.03G   0.02371   0.01453  0.001492   0.03973        40       640    0.2129    0.1745    0.1366   0.05616   0.05629    0.0402   0.02499
   283/299     3.03G   0.02318   0.01449  0.001649   0.03933        37       640    0.2651    0.1535    0.1472   0.06266   0.05618   0.04047    0.0252
   284/299     3.03G   0.02347   0.01464   0.00144   0.03955        43       640    0.2707    0.1505    0.1436   0.06156   0.05615   0.04072   0.02514
   285/299     3.03G   0.02318   0.01463  0.001345   0.03915        43       640    0.2222    0.1684    0.1355   0.05715   0.05624   0.04078   0.02518
   286/299     3.03G   0.02367    0.0145  0.001427   0.03959        49       640    0.2404     0.167    0.1411   0.05708   0.05651   0.04097   0.02526
   287/299     3.03G   0.02306    0.0144  0.001387   0.03885        46       640    0.2802    0.1506    0.1462   0.05982   0.05633   0.04115   0.02501
   288/299     3.03G   0.02327   0.01431  0.001315    0.0389        57       640    0.2848    0.1553     0.145   0.06041   0.05602     0.041   0.02452
   289/299     3.03G   0.02335   0.01468  0.001418   0.03944        49       640    0.2843     0.165    0.1456   0.05971   0.05621   0.04079   0.02463
   290/299     3.03G   0.02349   0.01442  0.001613   0.03953        46       640    0.2956    0.1573    0.1409   0.05807   0.05634   0.04073   0.02471
   291/299     3.03G   0.02333   0.01408  0.001431   0.03884        34       640    0.2769    0.1548    0.1362   0.05491   0.05644   0.04057   0.02474
   292/299     3.03G   0.02309   0.01435  0.001237   0.03868        52       640    0.2431    0.1603    0.1288   0.05405   0.05652   0.04045     0.025
   293/299     3.03G   0.02351   0.01468  0.001443   0.03964        39       640    0.2207    0.1678    0.1276   0.05383   0.05649   0.04041   0.02499
   294/299     3.03G   0.02319   0.01422  0.001383   0.03879        65       640    0.2363    0.1674    0.1377   0.05634   0.05656   0.04054   0.02532
   295/299     3.03G   0.02325   0.01434  0.001344   0.03893        46       640    0.3014    0.1526    0.1415   0.05757   0.05668   0.04092   0.02528
   296/299     3.03G   0.02319   0.01485  0.001587   0.03963        29       640    0.1956    0.1741    0.1418   0.05774   0.05671   0.04084   0.02545
   297/299     3.03G   0.02326   0.01464  0.001436   0.03934        38       640     0.262     0.136    0.1309   0.05331   0.05673   0.04088   0.02546
   298/299     3.03G   0.02317   0.01425   0.00138    0.0388        39       640    0.1721    0.1726    0.1348   0.05606   0.05686   0.04099   0.02556
   299/299     3.03G   0.02297   0.01471  0.001507   0.03918        49       640    0.2333    0.1464    0.1369   0.05829   0.05686   0.04086   0.02544
