     0/299     1.93G    0.1115    0.0327   0.05487    0.1991        51       640  0.001026   0.01431 0.0001033 1.749e-05    0.1076   0.02771    0.0505
     1/299     3.05G   0.09889   0.03352   0.03938    0.1718        38       640    0.7526   0.01196 0.0009451 0.0001576   0.09464   0.03253   0.03377
     2/299     3.05G   0.09224   0.03414   0.03439    0.1608        48       640    0.7543    0.0106  0.001384 0.0002951    0.0928   0.03117    0.0316
     3/299     3.05G   0.08828   0.03428   0.03197    0.1545        42       640    0.8904   0.02685   0.00889    0.0019   0.08469   0.03078   0.02813
     4/299     3.05G    0.0836   0.03226   0.02869    0.1445        35       640    0.8915   0.02301   0.01103  0.002932   0.08614   0.03031   0.02934
     5/299     3.05G   0.08121   0.03114   0.02653    0.1389        33       640    0.7813   0.04219    0.0274  0.006285   0.08149   0.02916   0.02508
     6/299     3.05G   0.07699   0.03007   0.02566    0.1327        37       640    0.9202   0.04603   0.04061   0.01172   0.07351   0.02936   0.02336
     7/299     3.05G   0.07314   0.03032   0.02441    0.1279        42       640    0.9331   0.04551   0.04159   0.01347   0.07229   0.03029   0.02252
     8/299     3.05G   0.07197   0.02971   0.02363    0.1253        47       640    0.9249   0.04558   0.04541    0.0145   0.07692   0.02982   0.02635
     9/299     3.05G   0.07103   0.02986   0.02282    0.1237        52       640    0.6605    0.1236   0.07562   0.03088   0.06788   0.02937   0.02321
    10/299     3.05G   0.06779   0.02998   0.02262    0.1204        29       640    0.6103    0.1442   0.08818     0.031   0.07168   0.03219   0.02414
    11/299     3.05G   0.06578   0.02968    0.0217    0.1172        43       640    0.8522   0.06088   0.05996   0.02353   0.06881   0.02956   0.02214
    12/299     3.05G   0.06452    0.0298   0.02062    0.1149        50       640    0.8868   0.04161   0.03848    0.0155   0.07584   0.03328   0.02454
    13/299     3.05G   0.06276   0.02996   0.01957    0.1123        32       640    0.6161    0.1118   0.09252   0.03538   0.06156   0.02849      0.02
    14/299     3.05G    0.0616   0.02948   0.01928    0.1104        44       640     0.618    0.1161   0.09898   0.03781   0.06149    0.0291   0.02087
    15/299     3.05G   0.06074   0.02967   0.01912    0.1095        66       640    0.5893    0.1469   0.08919   0.03343    0.0621   0.02991   0.02083
    16/299     3.05G   0.06002   0.02913   0.01826    0.1074        55       640    0.6674    0.1139    0.1049   0.04137   0.06009   0.02951   0.02069
    17/299     3.05G   0.05857   0.02859   0.01817    0.1053        40       640     0.493    0.1846    0.1178   0.04581   0.05792   0.02828   0.02072
    18/299     3.05G    0.0584   0.03004   0.01832    0.1068        33       640     0.375    0.1935    0.1019   0.04107   0.05851   0.02845   0.02104
    19/299     3.05G   0.05777   0.02884   0.01737     0.104        46       640    0.7779    0.1154   0.09698   0.04146   0.06052    0.0299   0.02035
    20/299     3.05G   0.05721   0.02857   0.01735    0.1031        57       640    0.6401   0.08541   0.07048   0.02368    0.0672   0.03178   0.02376
    21/299     3.05G   0.05605    0.0283    0.0167    0.1011        42       640    0.3564    0.2202    0.1185   0.04981   0.05651   0.02903   0.01864
    22/299     3.05G   0.05564   0.02791    0.0158   0.09935        38       640    0.2883    0.1978     0.122   0.04754    0.0589   0.02898   0.02034
    23/299     3.05G   0.05579    0.0284   0.01568   0.09987        60       640    0.2613    0.1746    0.1056   0.04594   0.05764   0.02856   0.02041
    24/299     3.05G   0.05426   0.02765   0.01516   0.09706        25       640    0.5167    0.1439    0.1127   0.04837   0.05668    0.0284   0.01911
    25/299     3.05G   0.05456   0.02762   0.01445   0.09664        44       640    0.5255    0.1537    0.1152   0.04276   0.05932   0.02944    0.0205
    26/299     3.05G   0.05356    0.0272   0.01488   0.09564        35       640    0.4908    0.1331     0.126    0.0497   0.05594   0.02884   0.01785
    27/299     3.05G   0.05307   0.02853   0.01434   0.09594        60       640    0.4558    0.1506     0.134   0.05257   0.05595   0.02829   0.01774
    28/299     3.05G   0.05268   0.02737   0.01336   0.09342        38       640    0.4559    0.1546    0.1213   0.04975   0.05716   0.02861   0.01881
    29/299     3.05G   0.05275   0.02739     0.014   0.09414        56       640    0.6344    0.1363    0.1293   0.05034    0.0562   0.02824   0.01982
    30/299     3.05G   0.05291   0.02756   0.01335   0.09382        43       640    0.3143    0.2076    0.1426   0.05897   0.05526   0.02777   0.01788
    31/299     3.05G   0.05215   0.02702   0.01336   0.09253        30       640    0.5743    0.1262    0.1162   0.04846   0.05657   0.02825   0.01965
    32/299     3.05G   0.05227   0.02767   0.01278   0.09272        53       640    0.4468    0.1867     0.139   0.05941   0.05583   0.02865   0.02055
    33/299     3.05G   0.05164   0.02777   0.01233   0.09173        38       640    0.3957    0.1539    0.1112   0.04736   0.05665   0.02853   0.01934
    34/299     3.05G   0.05181   0.02797   0.01326   0.09304        49       640    0.3538     0.179    0.1399    0.0577   0.05558   0.02834   0.01847
    35/299     3.05G   0.05124   0.02732   0.01233   0.09089        49       640    0.3568    0.2073    0.1652   0.07375   0.05525   0.02825   0.01968
    36/299     3.05G    0.0522   0.02785   0.01277   0.09282        42       640    0.2765    0.1883    0.1296   0.05708   0.05551   0.02883   0.01768
    37/299     3.05G   0.05049   0.02754   0.01136   0.08939        41       640     0.349    0.1691    0.1421   0.05557   0.05506   0.02848   0.01888
    38/299     3.05G   0.05042   0.02694   0.01208   0.08944        28       640    0.3227     0.219    0.1345   0.05887   0.05585   0.02785   0.01766
    39/299     3.05G   0.05009   0.02777     0.011   0.08885        55       640    0.2946    0.2324    0.1413   0.05691   0.05498   0.02845   0.02029
    40/299     3.05G   0.04967   0.02752   0.01148   0.08868        40       640    0.3461    0.1811    0.1374   0.05458     0.056   0.02836   0.01909
    41/299     3.05G    0.0496   0.02736   0.01113   0.08809        49       640    0.3361    0.1845    0.1311   0.05922   0.05667   0.02826   0.01994
    42/299     3.05G      0.05    0.0265   0.01058   0.08708        48       640    0.2864      0.17    0.1207   0.05014   0.05621     0.029   0.01935
    43/299     3.05G   0.04823   0.02673   0.01064    0.0856        28       640    0.2687    0.1828     0.122   0.05103   0.05633   0.02899   0.01935
    44/299     3.05G   0.04871   0.02673   0.01056     0.086        44       640    0.4466    0.1627    0.1341   0.05601   0.05527    0.0287   0.01877
    45/299     3.05G   0.04843   0.02554   0.01048   0.08445        29       640    0.3136    0.1701     0.134   0.05265   0.05583   0.02844   0.01941
    46/299     3.05G   0.04896   0.02693  0.009751   0.08564        32       640     0.399    0.1825     0.158   0.05737   0.05587   0.02875   0.01887
    47/299     3.05G   0.04806   0.02615  0.009796     0.084        44       640    0.2843    0.2054    0.1299    0.0573   0.05589   0.02853    0.0197
    48/299     3.05G   0.04747   0.02613  0.009359   0.08296        39       640    0.2916    0.1897    0.1324   0.05776   0.05495   0.02792   0.01896
    49/299     3.05G    0.0469    0.0258  0.009303   0.08201        57       640    0.2631    0.1752    0.1165   0.04906   0.05654   0.02846   0.01988
    50/299     3.05G   0.04738    0.0262   0.00913   0.08271        44       640    0.3376    0.1832    0.1417   0.05769   0.05525    0.0285   0.01941
    51/299     3.05G    0.0478   0.02641  0.009602   0.08381        49       640    0.3759    0.1645    0.1255   0.05517   0.05526   0.02909   0.02041
    52/299     3.05G   0.04778   0.02552  0.009373   0.08268        51       640     0.393    0.1794    0.1531   0.05763    0.0563   0.02854   0.02235
    53/299     3.05G   0.04675    0.0255  0.008726   0.08097        49       640     0.312    0.1879    0.1404   0.05677   0.05566   0.02913   0.01948
    54/299     3.05G   0.04694   0.02605  0.008857   0.08185        44       640    0.3398    0.1839    0.1407   0.06081   0.05395   0.02845   0.01901
    55/299     3.05G   0.04641   0.02606  0.008943   0.08141        43       640    0.3615    0.1757    0.1309   0.05245   0.05517   0.02922   0.02048
    56/299     3.05G   0.04649   0.02602  0.008293   0.08081        29       640    0.3104    0.1573    0.1109   0.04813    0.0562   0.02962   0.02148
    57/299     3.05G   0.04655   0.02576  0.009117   0.08143        56       640    0.4904    0.1311    0.1135   0.04982    0.0561   0.02861   0.01931
    58/299     3.05G   0.04605   0.02527  0.007938   0.07925        34       640     0.269    0.1968    0.1251   0.05233   0.05612     0.029   0.01986
    59/299     3.05G    0.0457   0.02597  0.008417   0.08009        39       640    0.3812    0.1839     0.144   0.05864   0.05551   0.02925   0.01873
    60/299     3.05G   0.04597   0.02558  0.007918   0.07947        51       640    0.2964    0.1731    0.1271   0.05609   0.05423   0.02874     0.021
    61/299     3.05G   0.04557   0.02545  0.007603   0.07862        54       640    0.2982    0.1602    0.1178   0.05219   0.05553   0.02874   0.02334
    62/299     3.05G   0.04512   0.02501  0.007829   0.07796        46       640    0.3025    0.1695    0.1427   0.05986   0.05762    0.0287   0.02105
    63/299     3.05G   0.04551   0.02484  0.007611   0.07797        36       640    0.2933    0.1842    0.1253   0.05622   0.05516   0.02836   0.02237
    64/299     3.05G   0.04472   0.02504  0.007765   0.07753        48       640    0.3242    0.1753    0.1501   0.06188    0.0545   0.02866    0.0203
    65/299     3.05G   0.04476   0.02494  0.008121   0.07782        37       640    0.3288    0.2297    0.1448   0.06072   0.05543   0.02929   0.01957
    66/299     3.05G   0.04417   0.02427  0.007599   0.07603        65       640    0.3258    0.1591    0.1346    0.0593   0.05353   0.02857   0.02032
    67/299     3.05G   0.04406   0.02481  0.007686   0.07656        63       640    0.1439    0.1955    0.1245   0.05058   0.05533   0.02936   0.02277
    68/299     3.05G   0.04396   0.02475   0.00681   0.07552        31       640    0.2866    0.2454    0.1524   0.06149   0.05444   0.02878   0.02147
    69/299     3.05G    0.0441   0.02465  0.006992   0.07575        37       640    0.3708    0.1649    0.1357   0.05591   0.05545   0.02983   0.02191
    70/299     3.05G   0.04387   0.02397  0.006855    0.0747        61       640    0.2841    0.2059    0.1334   0.05326   0.05545   0.02915   0.02137
    71/299     3.05G   0.04406   0.02433  0.006684   0.07507        52       640    0.2881    0.1542    0.1177   0.05094   0.05532   0.02891    0.0234
    72/299     3.05G   0.04385   0.02476  0.006781   0.07539        65       640     0.341    0.1903     0.149   0.05797   0.05636   0.02993   0.02037
    73/299     3.05G   0.04281   0.02388  0.006415    0.0731        39       640    0.3153    0.1694     0.125   0.05072   0.05495   0.02918   0.02158
    74/299     3.05G   0.04297   0.02396  0.006323   0.07325        60       640     0.322    0.1988    0.1292   0.05514   0.05505   0.02889   0.02054
    75/299     3.05G   0.04319   0.02396  0.005967   0.07312        53       640    0.4569    0.1419    0.1364   0.05616   0.05688   0.03038   0.02103
    76/299     3.05G   0.04295   0.02423  0.006571   0.07375        39       640    0.2877    0.1956    0.1313   0.05258   0.05551   0.02944   0.02236
    77/299     3.05G   0.04307   0.02382  0.006253   0.07315        35       640    0.2053    0.2043     0.136   0.05689   0.05439   0.02912   0.02041
    78/299     3.05G   0.04231   0.02419  0.005883   0.07239        48       640     0.167    0.1467    0.1152   0.05145   0.05584   0.02928   0.02206
    79/299     3.05G   0.04256   0.02401  0.005695   0.07226        38       640    0.3471    0.2126    0.1359   0.05677   0.05455   0.02994   0.02124
    80/299     3.05G   0.04131   0.02367  0.005599   0.07059        58       640    0.2761    0.1903    0.1439   0.05569   0.05542   0.02991   0.02205
    81/299     3.05G   0.04109   0.02389  0.005777   0.07076        49       640    0.3526     0.162    0.1316   0.06123   0.05588   0.02996   0.02317
    82/299     3.05G   0.04228    0.0243  0.005531   0.07211        52       640    0.3723    0.1808    0.1362   0.05998   0.05559   0.02962   0.02365
    83/299     3.05G   0.04148   0.02352  0.005569   0.07056        24       640    0.4229    0.1955    0.1393   0.05801   0.05436   0.02954   0.02391
    84/299     3.05G   0.04121   0.02345  0.005574   0.07024        54       640    0.4341    0.1861    0.1495   0.06015   0.05479   0.02976   0.02228
    85/299     3.05G   0.04063   0.02334  0.004917   0.06889        53       640    0.3716    0.2371    0.1633   0.07086   0.05445   0.02931   0.02169
    86/299     3.05G   0.04114   0.02267  0.005548   0.06935        45       640    0.3319    0.1519    0.1284   0.05683   0.05547   0.03034   0.02176
    87/299     3.05G   0.04138   0.02355   0.00552   0.07044        44       640    0.2254     0.185    0.1306   0.05816   0.05484   0.03013   0.02196
    88/299     3.05G   0.04076   0.02311  0.005118   0.06899        47       640    0.2941    0.1597    0.1336   0.05989   0.05644   0.03057   0.02199
    89/299     3.05G   0.04025   0.02321  0.005507   0.06896        33       640     0.211    0.1684    0.1223   0.05529    0.0558   0.03004   0.02374
    90/299     3.05G   0.04037   0.02314  0.004937   0.06844        63       640    0.3881     0.185    0.1476   0.06443   0.05479   0.02996   0.02163
    91/299     3.05G   0.04124   0.02258  0.005238   0.06906        50       640    0.2305    0.1856    0.1457    0.0639   0.05569   0.03033   0.02217
    92/299     3.05G   0.04038    0.0228  0.004971   0.06815        47       640    0.3485    0.1616    0.1294   0.05379   0.05493   0.02978    0.0227
    93/299     3.05G   0.03997   0.02286  0.004989   0.06783        47       640    0.3215    0.2064    0.1455   0.06043   0.05395   0.03017   0.02168
    94/299     3.05G   0.04014   0.02286  0.004893    0.0679        35       640     0.209    0.1925    0.1254   0.05371   0.05401   0.03004   0.02309
    95/299     3.05G    0.0397   0.02307  0.004516   0.06728        45       640    0.1797    0.1836    0.1165    0.0506   0.05537   0.03048   0.02195
    96/299     3.05G   0.03982   0.02299  0.004623   0.06744        48       640    0.2967    0.1734    0.1202   0.05111   0.05555      0.03   0.02305
    97/299     3.05G   0.03917   0.02259  0.004581   0.06634        41       640    0.2063    0.1465    0.1222   0.05524    0.0547   0.03077   0.02312
    98/299     3.05G   0.03916   0.02221  0.004427   0.06579        34       640    0.4134    0.1589     0.145   0.06197   0.05433   0.03066   0.02284
    99/299     3.05G   0.03854   0.02251   0.00446   0.06551        57       640    0.3107    0.1824    0.1295   0.05539   0.05569   0.03029   0.02296
   100/299     3.05G   0.03882   0.02242  0.004213   0.06545        37       640    0.1798    0.2078    0.1537   0.06368   0.05435   0.03022   0.02321
   101/299     3.05G   0.03879    0.0222   0.00468   0.06567        29       640    0.3851    0.1753     0.145   0.06209   0.05467   0.03034   0.02171
   102/299     3.05G     0.039    0.0224  0.004738   0.06614        53       640    0.3229     0.171    0.1215   0.05813   0.05624   0.03077    0.0235
   103/299     3.05G   0.03861   0.02176   0.00427   0.06464        54       640    0.1823    0.1436    0.1156   0.05322   0.05555   0.03044   0.02327
   104/299     3.05G   0.03852   0.02228  0.004478   0.06528        42       640    0.3196    0.1776    0.1337   0.06131   0.05497   0.03127   0.02398
   105/299     3.05G   0.03796    0.0216  0.004128   0.06369        59       640    0.3136     0.158     0.121   0.05433   0.05595   0.03189    0.0231
   106/299     3.05G   0.03827   0.02167  0.004408   0.06434        49       640    0.1931    0.1524    0.1234   0.05245   0.05568   0.03117   0.02244
   107/299     3.05G    0.0383   0.02166  0.004113   0.06408        33       640    0.2088    0.1901    0.1401   0.06568   0.05499   0.03103   0.02163
   108/299     3.05G   0.03844   0.02122  0.004234   0.06389        34       640    0.2208    0.1428      0.12   0.05293   0.05537   0.03198   0.02456
   109/299     3.05G   0.03813     0.022  0.004282   0.06442        47       640      0.22    0.1998    0.1508   0.06583   0.05506   0.03171    0.0237
   110/299     3.05G   0.03841   0.02193  0.004059    0.0644        38       640    0.3575     0.183    0.1408   0.05806   0.05462   0.03089   0.02381
   111/299     3.05G   0.03755   0.02161  0.003909   0.06307        46       640    0.3005    0.1943    0.1324   0.05449   0.05563   0.03194   0.02167
   112/299     3.05G    0.0369   0.02141   0.00377   0.06208        34       640    0.1851    0.1782    0.1318   0.05832   0.05593   0.03136   0.02297
   113/299     3.05G   0.03779   0.02154  0.004186   0.06351        52       640    0.3331    0.1856    0.1334   0.05911   0.05573   0.03147   0.02315
   114/299     3.05G   0.03756   0.02174  0.004315   0.06362        43       640    0.1714     0.192    0.1285   0.05485    0.0555   0.03202   0.02421
   115/299     3.05G   0.03686   0.02115  0.003602   0.06161        45       640    0.2102    0.1862    0.1328   0.06087   0.05518   0.03131   0.02303
   116/299     3.05G   0.03694   0.02182  0.003984   0.06275        58       640    0.3395    0.1803    0.1408   0.06204   0.05602   0.03214   0.02414
   117/299     3.05G    0.0372   0.02119  0.003732   0.06211        51       640    0.3485    0.1652    0.1242   0.05596   0.05555   0.03206   0.02324
   118/299     3.05G   0.03717   0.02119  0.003661   0.06202        42       640    0.1658    0.1549    0.1248   0.05469   0.05564    0.0321   0.02354
   119/299     3.05G   0.03604   0.02122  0.003589   0.06085        62       640    0.1817    0.1858    0.1405   0.06357   0.05496   0.03173   0.02485
   120/299     3.05G   0.03669   0.02099  0.003958   0.06164        38       640     0.351    0.1558    0.1334   0.05765   0.05537   0.03222   0.02251
   121/299     3.05G   0.03666   0.02052  0.003673   0.06085        35       640    0.3022    0.1586      0.13    0.0595   0.05455   0.03123   0.02208
   122/299     3.05G   0.03572   0.02136  0.003736   0.06082        38       640    0.2098    0.1879     0.128   0.05536    0.0556   0.03128   0.02336
   123/299     3.05G   0.03673   0.02125  0.003873   0.06186        44       640    0.2805    0.1455    0.1268   0.05707   0.05465   0.03065   0.02192
   124/299     3.05G   0.03586   0.02097  0.003818   0.06065        54       640    0.3514    0.1474    0.1245   0.05269   0.05435   0.03143    0.0227
   125/299     3.05G    0.0362   0.02149  0.003689   0.06138        55       640    0.3307    0.1622    0.1366   0.05621    0.0543   0.03266   0.02268
   126/299     3.05G    0.0357   0.02114  0.003498   0.06034        41       640    0.2321    0.1588    0.1363   0.06074   0.05473   0.03225   0.02219
   127/299     3.05G   0.03556   0.02117  0.003327   0.06005        59       640    0.1799    0.1639    0.1258   0.05748   0.05586   0.03195   0.02259
   128/299     3.05G   0.03534    0.0204   0.00358   0.05932        41       640    0.1757    0.1776    0.1207   0.05148   0.05556   0.03206   0.02593
   129/299     3.05G   0.03553   0.02039  0.003369   0.05929        37       640    0.3831    0.1818    0.1455   0.06634   0.05594   0.03246   0.02327
   130/299     3.05G   0.03526   0.02065  0.003695   0.05961        53       640    0.2109     0.184    0.1359   0.05962   0.05537   0.03304   0.02355
   131/299     3.05G   0.03556   0.02046  0.003515   0.05953        37       640    0.1907    0.1679    0.1328   0.05505   0.05531   0.03297   0.02472
   132/299     3.05G    0.0351   0.02015  0.003439   0.05868        36       640    0.2454    0.1677    0.1347   0.06258   0.05513   0.03217    0.0244
   133/299     3.05G   0.03497    0.0203  0.003123   0.05839        60       640    0.3191    0.1995    0.1429   0.06106   0.05587   0.03227   0.02289
   134/299     3.05G   0.03455   0.02007   0.00336   0.05798        42       640    0.3237    0.1974      0.14   0.06318   0.05574   0.03329   0.02448
   135/299     3.05G   0.03506   0.01979  0.003166   0.05802        43       640    0.1691    0.1941    0.1258   0.05571   0.05524   0.03241   0.02445
   136/299     3.05G   0.03422   0.02011  0.002996   0.05733        41       640     0.154     0.249    0.1413   0.06567   0.05453   0.03289   0.02187
   137/299     3.05G   0.03485   0.02004  0.002977   0.05787        49       640    0.1661    0.1993    0.1208   0.05595    0.0552   0.03316   0.02231
   138/299     3.05G   0.03402   0.01979  0.003139   0.05695        60       640     0.191    0.1616    0.1312   0.05361   0.05611   0.03359   0.02336
   139/299     3.05G   0.03413    0.0199  0.003432   0.05746        50       640    0.2129    0.1721     0.129   0.05798   0.05496   0.03266   0.02367
   140/299     3.05G   0.03436   0.01994  0.002868   0.05717        46       640    0.2389    0.1903    0.1371   0.05543   0.05672   0.03215   0.02416
   141/299     3.05G   0.03376   0.01999   0.00319   0.05694        39       640    0.1962    0.1744    0.1335   0.05768   0.05609   0.03215   0.02346
   142/299     3.05G   0.03331   0.01955  0.002986   0.05585        50       640    0.2109    0.1876    0.1325   0.05937   0.05517   0.03226   0.02337
   143/299     3.05G   0.03361   0.01976  0.003056   0.05642        38       640    0.3597    0.1607    0.1408   0.06366   0.05587   0.03288   0.02394
   144/299     3.05G   0.03344   0.01917  0.002985    0.0556        49       640     0.248    0.1593    0.1317   0.05913    0.0561   0.03303   0.02425
   145/299     3.05G   0.03362   0.01918  0.002881   0.05568        50       640    0.1873    0.1562    0.1145    0.0527   0.05546   0.03275   0.02475
   146/299     3.05G   0.03312   0.01939  0.002922   0.05543        43       640    0.3214    0.1912    0.1302   0.05597   0.05464   0.03289   0.02371
   147/299     3.05G   0.03358   0.01934  0.002715   0.05564        48       640    0.1826    0.2207    0.1345   0.05848   0.05493   0.03273   0.02537
   148/299     3.05G   0.03324   0.01924  0.003027   0.05551        55       640    0.3344    0.1555    0.1303   0.05777   0.05497   0.03347   0.02444
   149/299     3.05G   0.03333   0.01937  0.002698    0.0554        32       640    0.2426    0.1845    0.1398   0.06059   0.05553   0.03356   0.02351
   150/299     3.05G   0.03295    0.0194  0.002889   0.05524        42       640    0.3909    0.1632    0.1284   0.05674   0.05567   0.03364   0.02301
   151/299     3.05G   0.03282   0.01954  0.002825   0.05519        57       640    0.3514    0.1648    0.1275   0.05768   0.05587   0.03345   0.02272
   152/299     3.05G   0.03281   0.01948  0.002999   0.05529        49       640    0.3703    0.1886    0.1347   0.05923   0.05625   0.03399   0.02451
   153/299     3.05G   0.03286   0.01929  0.003087   0.05524        45       640    0.3664    0.1595    0.1408   0.06171   0.05521   0.03392   0.02248
   154/299     3.05G   0.03275   0.01934  0.003171   0.05526        47       640    0.3645    0.1614    0.1286    0.0534   0.05591   0.03324   0.02346
   155/299     3.05G   0.03246   0.01927  0.002873    0.0546        25       640    0.1951    0.1691    0.1205   0.05354   0.05621   0.03375    0.0251
   156/299     3.05G   0.03236   0.01831  0.002769   0.05343        49       640    0.1915    0.1776    0.1385    0.0604    0.0558   0.03385   0.02415
   157/299     3.05G   0.03322   0.01935  0.002542   0.05511        50       640     0.251    0.1603    0.1428   0.06212   0.05546    0.0337   0.02348
   158/299     3.05G   0.03281   0.01909  0.002817   0.05472        42       640    0.1595    0.2147    0.1288   0.05666   0.05553   0.03393   0.02376
   159/299     3.05G   0.03254   0.01919  0.003052   0.05478        69       640    0.2289    0.1817     0.143   0.05854   0.05573   0.03393   0.02477
   160/299     3.05G   0.03223   0.01916  0.002923   0.05432        54       640    0.1821    0.1809    0.1268   0.05446   0.05499   0.03336   0.02477
   161/299     3.05G   0.03211   0.01861  0.002752   0.05347        43       640    0.1998    0.1763    0.1245   0.05673   0.05572   0.03455    0.0243
   162/299     3.05G   0.03153   0.01881  0.002617   0.05295        51       640    0.1741    0.2149    0.1332   0.05804   0.05548    0.0338   0.02314
   163/299     3.05G    0.0318   0.01837  0.002631    0.0528        54       640    0.2059    0.1532    0.1238   0.05344   0.05576   0.03411   0.02404
   164/299     3.05G    0.0317    0.0186  0.002414   0.05271        45       640    0.2117     0.198     0.129   0.05544    0.0554   0.03408   0.02454
   165/299     3.05G   0.03147   0.01884  0.002318   0.05263        38       640    0.1701    0.1983    0.1286   0.05734   0.05571   0.03435   0.02388
   166/299     3.05G   0.03136   0.01816  0.002334   0.05185        42       640    0.1749    0.1882    0.1246    0.0553    0.0562   0.03461   0.02406
   167/299     3.05G   0.03116   0.01815  0.002654   0.05197        47       640    0.1282    0.1925    0.1149   0.05171   0.05631   0.03511   0.02371
   168/299     3.05G   0.03146   0.01863  0.002844   0.05293        53       640    0.3712    0.1376    0.1245   0.05583   0.05527    0.0342   0.02322
   169/299     3.05G    0.0312   0.01899  0.002403    0.0526        56       640    0.3427    0.1893    0.1361   0.06035   0.05581    0.0349   0.02309
   170/299     3.05G   0.03127   0.01822  0.002511     0.052        55       640    0.1704    0.1947     0.132   0.05703   0.05583   0.03497     0.023
   171/299     3.05G    0.0309   0.01841   0.00217   0.05148        39       640       0.2    0.1874    0.1369   0.05863   0.05544   0.03463    0.0236
   172/299     3.05G   0.03096   0.01793  0.002388   0.05128        52       640    0.3589    0.1828    0.1399   0.05897   0.05605   0.03535   0.02381
   173/299     3.05G   0.03084   0.01811  0.002316   0.05127        56       640    0.2502    0.1939    0.1371    0.0572   0.05633   0.03555   0.02469
   174/299     3.05G   0.03073   0.01837  0.002765   0.05186        51       640    0.3086    0.1884    0.1341   0.05951   0.05671   0.03622   0.02483
   175/299     3.05G   0.03036   0.01849  0.002214   0.05106        31       640    0.2548    0.1558    0.1269   0.05331   0.05683   0.03579   0.02417
   176/299     3.05G   0.03078   0.01786  0.002529   0.05117        45       640     0.222    0.1742    0.1276    0.0565   0.05655   0.03489   0.02508
   177/299     3.05G   0.03091   0.01875  0.002465   0.05212        47       640    0.1818    0.2103    0.1395   0.05853   0.05592   0.03566   0.02508
   178/299     3.05G   0.03018    0.0178  0.002465   0.05044        39       640    0.1902     0.187    0.1328   0.05556   0.05544   0.03509   0.02429
   179/299     3.05G   0.03013   0.01713  0.002156   0.04942        40       640    0.2391     0.153    0.1368   0.05698   0.05593   0.03573   0.02446
   180/299     3.05G   0.02994    0.0182  0.002242   0.05039        41       640     0.154    0.1847    0.1191   0.05003   0.05666   0.03583   0.02574
   181/299     3.05G   0.02987   0.01733  0.002085   0.04929        53       640    0.1549    0.1907    0.1232   0.05185   0.05629   0.03625   0.02428
   182/299     3.05G   0.03006   0.01803  0.002395   0.05048        44       640    0.1711    0.1604     0.119   0.05147   0.05591   0.03597   0.02506
   183/299     3.05G   0.02982   0.01786  0.002263   0.04994        44       640    0.1592    0.2069     0.122   0.05313   0.05621   0.03524    0.0262
   184/299     3.05G   0.02955   0.01796   0.00244   0.04995        38       640    0.1449    0.1816     0.113    0.0502   0.05572   0.03542   0.02541
   185/299     3.05G   0.02983   0.01737  0.002345   0.04955        34       640    0.1543    0.1975    0.1191   0.05392   0.05593   0.03552   0.02611
   186/299     3.05G   0.02991   0.01789  0.002111   0.04991        29       640    0.1863    0.1739    0.1227   0.05082   0.05669    0.0361   0.02625
   187/299     3.05G   0.02935   0.01759  0.002181   0.04912        48       640    0.2452    0.1583     0.131    0.0567   0.05574   0.03578   0.02604
   188/299     3.05G   0.02935   0.01685  0.001881   0.04808        40       640    0.2076    0.1578    0.1241   0.05553    0.0566   0.03603   0.02652
   189/299     3.05G   0.02946   0.01759  0.002358   0.04941        61       640    0.1829    0.1868    0.1252    0.0583   0.05611   0.03559   0.02633
   190/299     3.05G   0.02938   0.01722  0.002039   0.04863        46       640    0.3134    0.1449    0.1136   0.05335   0.05631   0.03546   0.02509
   191/299     3.05G   0.02911   0.01777  0.002208   0.04909        55       640    0.1584    0.1782    0.1209     0.053    0.0568   0.03632    0.0255
   192/299     3.05G   0.02905   0.01749  0.002173   0.04871        67       640    0.1812    0.1597    0.1149   0.05339   0.05661   0.03631   0.02644
   193/299     3.05G   0.02891   0.01764  0.001964   0.04851        49       640     0.162    0.1619    0.1179   0.05409   0.05665   0.03539   0.02584
   194/299     3.05G    0.0288   0.01712  0.002095   0.04801        47       640    0.3999    0.1421    0.1267   0.05637   0.05565   0.03583   0.02544
   195/299     3.05G   0.02887   0.01746  0.001992   0.04832        53       640    0.1657    0.1832    0.1258   0.05445   0.05629    0.0364   0.02515
   196/299     3.05G   0.02888   0.01702  0.002017   0.04791        56       640    0.1946    0.1463    0.1231   0.05619   0.05598   0.03561   0.02565
   197/299     3.05G   0.02883   0.01702  0.002313   0.04817        23       640    0.3469    0.1539    0.1343   0.06118   0.05623   0.03619    0.0256
   198/299     3.05G   0.02867   0.01749  0.002295   0.04845        41       640    0.2066    0.1482    0.1217   0.05493   0.05614     0.037   0.02678
   199/299     3.05G   0.02879   0.01697  0.001911   0.04767        58       640    0.1922    0.1735    0.1294   0.05816   0.05622   0.03711   0.02613
   200/299     3.05G   0.02804   0.01667  0.001843   0.04655        30       640    0.1946    0.1763     0.131   0.05694   0.05619   0.03729   0.02542
   201/299     3.05G   0.02874   0.01697  0.002238   0.04795        57       640    0.2188    0.1614    0.1281   0.06008   0.05647     0.037   0.02557
   202/299     3.05G   0.02885   0.01668  0.002282   0.04781        47       640    0.1809    0.2043    0.1328   0.05973   0.05629   0.03563   0.02635
   203/299     3.05G   0.02806   0.01681  0.002084   0.04696        37       640    0.1642    0.1686    0.1245   0.05756   0.05613   0.03594   0.02649
   204/299     3.05G   0.02822   0.01715  0.001669   0.04703        37       640    0.1528    0.1997    0.1271   0.05598   0.05613   0.03645    0.0271
   205/299     3.05G   0.02776   0.01701  0.001775   0.04655        48       640    0.1785    0.2186    0.1362   0.05955   0.05595   0.03636   0.02541
   206/299     3.05G   0.02778   0.01669  0.001818   0.04629        50       640    0.1901    0.1811    0.1291   0.05462   0.05596   0.03608   0.02481
   207/299     3.05G   0.02776   0.01659  0.002019   0.04637        45       640    0.2076    0.1903    0.1323   0.05627   0.05599   0.03622    0.0258
   208/299     3.05G   0.02813   0.01721  0.001931   0.04727        37       640    0.2471    0.1644      0.13   0.05696   0.05646   0.03689   0.02624
   209/299     3.05G   0.02764   0.01665  0.001835   0.04612        39       640    0.3809    0.1464    0.1281   0.05622   0.05601   0.03659   0.02544
   210/299     3.05G   0.02746    0.0169    0.0019   0.04626        39       640    0.2484    0.1667    0.1345   0.05675   0.05609   0.03631   0.02579
   211/299     3.05G   0.02777    0.0165  0.002133    0.0464        67       640    0.3357    0.1549    0.1289    0.0559   0.05637   0.03614   0.02558
   212/299     3.05G   0.02792   0.01634  0.002034   0.04629        55       640    0.2115    0.1624    0.1305   0.05748   0.05658   0.03711   0.02545
   213/299     3.05G   0.02752   0.01626  0.001911   0.04568        44       640    0.3791    0.1505    0.1328   0.05822   0.05681    0.0372    0.0263
   214/299     3.05G   0.02765   0.01673  0.001894   0.04627        40       640    0.3648    0.1592     0.138   0.06171   0.05655   0.03671   0.02595
   215/299     3.05G   0.02735   0.01639  0.001798   0.04554        51       640    0.1805    0.1857    0.1344   0.05918   0.05663   0.03692   0.02546
   216/299     3.05G   0.02711   0.01638  0.001784   0.04527        43       640    0.2348    0.1686    0.1339   0.05989    0.0562   0.03763   0.02669
   217/299     3.05G   0.02709   0.01641  0.002063   0.04557        45       640    0.2697    0.1613    0.1353   0.06041   0.05643   0.03772    0.0254
   218/299     3.05G   0.02723   0.01653   0.00181   0.04558        44       640    0.1926    0.2163    0.1315    0.0565   0.05671   0.03773   0.02495
   219/299     3.05G   0.02671   0.01617  0.002008   0.04489        41       640    0.2032    0.1969    0.1217   0.05288   0.05656   0.03746   0.02541
   220/299     3.05G   0.02757   0.01663  0.001769   0.04597        67       640    0.1945    0.1917    0.1254   0.05393   0.05646   0.03724   0.02559
   221/299     3.05G   0.02671    0.0165  0.001859   0.04507        46       640    0.1973     0.179     0.123   0.05473   0.05667   0.03785   0.02554
   222/299     3.05G   0.02681   0.01675  0.001773   0.04533        47       640    0.1654    0.1945    0.1199   0.05137   0.05684   0.03825   0.02598
   223/299     3.05G   0.02654   0.01608  0.001799   0.04442        49       640    0.2081    0.1501    0.1216   0.05246   0.05674   0.03792     0.026
   224/299     3.05G   0.02668   0.01624  0.001786   0.04471        54       640    0.1684    0.1648    0.1157   0.04986   0.05638   0.03815   0.02555
   225/299     3.05G   0.02638   0.01605  0.002041   0.04446        53       640    0.1664    0.1635    0.1166   0.05161   0.05654   0.03812   0.02515
   226/299     3.05G   0.02649   0.01618  0.002091   0.04477        49       640    0.1786    0.1926    0.1375    0.0599   0.05651    0.0377   0.02598
   227/299     3.05G   0.02661   0.01606  0.001621   0.04429        37       640    0.2294    0.1554    0.1379   0.06131   0.05669   0.03844   0.02594
   228/299     3.05G   0.02623   0.01592   0.00173   0.04388        44       640    0.1915    0.1825     0.134   0.05792   0.05665   0.03866     0.026
   229/299     3.05G   0.02663   0.01639  0.001991   0.04501        45       640    0.3987    0.1584    0.1363   0.05862   0.05623   0.03792   0.02558
   230/299     3.05G    0.0259   0.01573  0.001656   0.04329        38       640    0.3863    0.1401    0.1266   0.05623   0.05641   0.03767   0.02565
   231/299     3.05G   0.02609   0.01602  0.001889   0.04401        68       640    0.2552    0.1627    0.1294   0.05827   0.05639   0.03753   0.02584
   232/299     3.05G   0.02621   0.01572   0.00168   0.04362        44       640    0.2846    0.1618    0.1331   0.05983   0.05665   0.03789   0.02566
   233/299     3.05G   0.02613   0.01592  0.001866   0.04392        50       640    0.2225    0.1645    0.1315   0.05985   0.05691   0.03835   0.02491
   234/299     3.05G   0.02629   0.01584  0.001819   0.04395        68       640     0.221    0.1557    0.1324   0.05906   0.05667    0.0384   0.02556
   235/299     3.05G   0.02583   0.01585  0.001708   0.04339        50       640    0.2161    0.1566     0.132   0.05783   0.05614   0.03866   0.02537
   236/299     3.05G   0.02574   0.01552  0.001619   0.04288        48       640    0.3851    0.1392    0.1338   0.05866    0.0564   0.03925   0.02524
   237/299     3.05G   0.02567   0.01549  0.001916   0.04308        52       640    0.1781    0.1999     0.132   0.05596   0.05643    0.0385   0.02555
   238/299     3.05G   0.02577   0.01584  0.001558   0.04317        46       640    0.1797    0.2051    0.1297    0.0565   0.05632   0.03883   0.02622
   239/299     3.05G   0.02544   0.01566  0.001955   0.04305        41       640    0.1697    0.2129    0.1318   0.05928   0.05684   0.03977   0.02627
   240/299     3.05G   0.02552   0.01564  0.001734   0.04289        47       640    0.1559    0.2076    0.1365   0.06039   0.05684   0.03861   0.02585
   241/299     3.05G   0.02553   0.01569  0.001584   0.04281        45       640    0.2282      0.18    0.1339    0.0602   0.05658   0.03817   0.02482
   242/299     3.05G   0.02533   0.01555  0.001727    0.0426        52       640    0.2147    0.1643    0.1268   0.05411   0.05659   0.03849   0.02534
   243/299     3.05G   0.02527   0.01523  0.001917   0.04242        55       640    0.2052     0.197    0.1316   0.05613   0.05655   0.03873   0.02502
   244/299     3.05G   0.02518    0.0157   0.00182   0.04271        35       640    0.2072    0.1569    0.1264   0.05486   0.05669   0.03854   0.02432
   245/299     3.05G   0.02538    0.0155  0.001668   0.04254        31       640    0.1393    0.2229     0.124   0.05392   0.05656   0.03849   0.02427
   246/299     3.05G   0.02536   0.01515  0.001599   0.04212        45       640    0.2135    0.1717    0.1292   0.05933   0.05644   0.03871   0.02525
   247/299     3.05G   0.02533   0.01545   0.00166   0.04244        38       640    0.2254    0.1723    0.1282    0.0582   0.05663   0.03902    0.0257
   248/299     3.05G   0.02488   0.01572  0.001479   0.04208        39       640    0.3725    0.1492    0.1314   0.05939   0.05665   0.03916   0.02562
   249/299     3.05G    0.0255    0.0155  0.001614   0.04261        32       640    0.3797    0.1494    0.1327    0.0612   0.05676   0.03932   0.02562
   250/299     3.05G   0.02511   0.01574  0.001514   0.04236        34       640    0.2193    0.1696    0.1286   0.05749   0.05692   0.03943   0.02587
   251/299     3.05G   0.02496   0.01533  0.001577   0.04186        50       640    0.3697    0.1677    0.1303   0.05795   0.05711   0.03943   0.02594
   252/299     3.05G   0.02497   0.01497  0.001461    0.0414        46       640    0.3686    0.1721    0.1337   0.05778   0.05664   0.03936   0.02598
   253/299     3.05G   0.02503   0.01528  0.001604   0.04191        44       640    0.1975    0.1776    0.1274    0.0569   0.05664   0.03945   0.02699
   254/299     3.05G   0.02512   0.01522  0.001478   0.04181        49       640    0.1714    0.1976    0.1268   0.05669   0.05664   0.03892   0.02665
   255/299     3.05G   0.02451   0.01543  0.001323   0.04127        47       640    0.2657    0.1388    0.1253   0.05695   0.05675   0.03908   0.02688
   256/299     3.05G   0.02464   0.01541  0.001667   0.04172        32       640    0.2149    0.1609    0.1289   0.05684   0.05673   0.03878   0.02752
   257/299     3.05G   0.02466   0.01527  0.001593   0.04151        44       640    0.2057    0.1758    0.1307   0.06121   0.05692   0.03907   0.02689
   258/299     3.05G   0.02456   0.01541  0.001569   0.04153        37       640    0.2002    0.1819    0.1335   0.06096    0.0568   0.03855   0.02653
   259/299     3.05G   0.02448   0.01497  0.001511   0.04096        49       640     0.192    0.1584    0.1226   0.05524   0.05682   0.03905    0.0267
   260/299     3.05G    0.0247   0.01499  0.001545   0.04123        57       640    0.3351    0.1601    0.1255   0.05696    0.0567   0.03951   0.02645
   261/299     3.05G   0.02458   0.01505   0.00153   0.04116        32       640    0.3721     0.147    0.1282   0.05732   0.05684   0.03947    0.0268
   262/299     3.05G   0.02449   0.01529  0.001662   0.04143        44       640    0.1982    0.2054    0.1332   0.06056   0.05671   0.03922   0.02624
   263/299     3.05G   0.02439   0.01529  0.001445   0.04113        37       640    0.2208    0.1745    0.1313   0.06058   0.05642   0.03891     0.026
   264/299     3.05G   0.02452   0.01546  0.001471   0.04145        51       640    0.3718    0.1578    0.1297    0.0579   0.05661    0.0392   0.02636
   265/299     3.05G   0.02415   0.01486  0.001525   0.04054        43       640      0.21    0.1918     0.127   0.05792   0.05646   0.03957   0.02621
   266/299     3.05G   0.02428   0.01517  0.001661   0.04111        38       640    0.2305    0.1564    0.1219    0.0557   0.05644   0.04003   0.02657
   267/299     3.05G   0.02389    0.0151  0.001439   0.04042        44       640    0.1951    0.1688    0.1227   0.05581   0.05642   0.03997   0.02662
   268/299     3.05G   0.02435    0.0148  0.001558   0.04071        49       640    0.2054    0.1538    0.1222   0.05395   0.05668   0.03962   0.02649
   269/299     3.05G   0.02422   0.01486  0.001484   0.04056        37       640    0.1813     0.196    0.1286   0.05611   0.05657   0.03959   0.02629
   270/299     3.05G   0.02401   0.01475   0.00148   0.04024        50       640      0.17    0.2065    0.1273   0.05675   0.05646   0.03976   0.02613
   271/299     3.05G   0.02386    0.0147  0.001482   0.04004        50       640     0.177    0.1971    0.1258    0.0558   0.05649   0.03952   0.02616
   272/299     3.05G   0.02408   0.01464   0.00135   0.04008        45       640    0.1528    0.2107    0.1261   0.05535    0.0565   0.03953   0.02671
   273/299     3.05G   0.02388   0.01482  0.001526   0.04023        42       640    0.1819    0.1847    0.1274   0.05583   0.05652   0.03931   0.02741
   274/299     3.05G   0.02412    0.0149  0.001549   0.04056        41       640    0.1902    0.1675    0.1247   0.05448   0.05656   0.03978     0.027
   275/299     3.05G   0.02398   0.01448  0.001502   0.03997        50       640    0.1744    0.1688    0.1229   0.05363   0.05691    0.0406   0.02655
   276/299     3.05G   0.02378   0.01454   0.00144   0.03976        38       640    0.1941    0.1568    0.1233   0.05439   0.05689   0.04046   0.02626
   277/299     3.05G   0.02366   0.01438  0.001247   0.03929        63       640    0.1775    0.1713    0.1245   0.05533    0.0567   0.03995   0.02657
   278/299     3.05G   0.02433   0.01492  0.001416   0.04067        39       640    0.1587    0.1643    0.1217   0.05476   0.05676   0.04006   0.02651
   279/299     3.05G   0.02394   0.01461  0.001371   0.03992        58       640    0.1856    0.1593    0.1215   0.05466   0.05681   0.04016   0.02666
   280/299     3.05G   0.02379    0.0147  0.001528   0.04002        26       640    0.1708    0.1754    0.1216   0.05509   0.05678   0.04007    0.0267
   281/299     3.05G   0.02344   0.01464   0.00145   0.03953        44       640    0.1924    0.1633    0.1234   0.05524   0.05675   0.04042   0.02666
   282/299     3.05G   0.02386   0.01462   0.00144   0.03992        40       640    0.1799    0.1867    0.1271   0.05714   0.05687   0.04076   0.02604
   283/299     3.05G   0.02334   0.01464  0.001364   0.03935        37       640    0.1902    0.1722    0.1287   0.05915   0.05679   0.04083   0.02588
   284/299     3.05G   0.02355   0.01477   0.00139    0.0397        43       640    0.1747    0.1771    0.1266   0.05683   0.05695   0.04074   0.02612
   285/299     3.05G   0.02346   0.01481   0.00131   0.03959        43       640    0.3149    0.1634     0.129   0.05665   0.05702    0.0407   0.02622
   286/299     3.05G   0.02378   0.01457   0.00144   0.03979        49       640    0.3392    0.1467     0.124   0.05592   0.05669   0.04061   0.02618
   287/299     3.05G    0.0233   0.01456  0.001258   0.03911        46       640    0.3392    0.1506    0.1254   0.05673   0.05663   0.04113   0.02618
   288/299     3.05G   0.02315   0.01435  0.001441   0.03894        57       640    0.3404    0.1518    0.1294   0.05886   0.05662   0.04104   0.02559
   289/299     3.05G   0.02346   0.01475  0.001472   0.03968        49       640     0.173    0.1663    0.1306   0.05865   0.05673   0.04089   0.02574
   290/299     3.05G    0.0236   0.01446  0.001664   0.03972        46       640    0.1625    0.1782    0.1298   0.05875   0.05673   0.04088   0.02573
   291/299     3.05G   0.02346   0.01411  0.001444   0.03902        34       640    0.1837    0.1607    0.1298   0.05765   0.05685   0.04087   0.02556
   292/299     3.05G   0.02318   0.01443  0.001164   0.03877        52       640    0.2224    0.1381    0.1257   0.05669   0.05683   0.04034   0.02576
   293/299     3.05G   0.02367   0.01472  0.001412    0.0398        39       640    0.2192    0.1516    0.1316   0.05774   0.05684   0.04067   0.02577
   294/299     3.05G   0.02321    0.0143  0.001355   0.03887        65       640    0.2157    0.1587     0.129   0.05816   0.05677   0.04066   0.02592
   295/299     3.05G   0.02341   0.01455  0.001398   0.03936        46       640    0.2207    0.1607    0.1317    0.0588   0.05667   0.04034   0.02609
   296/299     3.05G   0.02344   0.01488  0.001599   0.03992        29       640    0.2061    0.1739     0.133   0.05926   0.05685   0.04065    0.0262
   297/299     3.05G   0.02325   0.01458  0.001436   0.03927        38       640    0.2043    0.1778    0.1294   0.05768   0.05702   0.04086   0.02627
   298/299     3.05G    0.0234   0.01423   0.00131   0.03893        39       640    0.1904    0.1753    0.1279   0.05856   0.05716   0.04087   0.02651
   299/299     3.05G   0.02313   0.01485  0.001415    0.0394        49       640    0.2021    0.1779    0.1317   0.05972   0.05713    0.0407   0.02652
