     0/299     1.92G    0.1115   0.03279   0.05498    0.1993        51       640    0.8769  0.002933  0.000234 3.574e-05    0.1045   0.02913   0.04734
     1/299     3.03G    0.0989   0.03359   0.03945    0.1719        38       640    0.8808   0.00361 0.0007206 0.0001228   0.09497   0.03207   0.03388
     2/299     3.03G   0.09169   0.03432   0.03432    0.1603        48       640    0.7532   0.01647  0.001279 0.0002244   0.09154   0.03195   0.03113
     3/299     3.03G   0.08767   0.03427   0.03186    0.1538        42       640    0.8964   0.02482   0.01279  0.003058   0.08541   0.03083   0.02772
     4/299     3.03G   0.08308   0.03214    0.0286    0.1438        35       640    0.8925   0.03204    0.0142  0.003328   0.08124   0.03036     0.026
     5/299     3.03G   0.08081   0.03091   0.02644    0.1382        33       640    0.7699   0.07548   0.01791  0.003717   0.08094   0.02971   0.02512
     6/299     3.03G   0.07578   0.03003   0.02548    0.1313        37       640    0.8023   0.05828   0.04168   0.01233   0.07441   0.02987   0.02367
     7/299     3.03G   0.07327   0.03015   0.02444    0.1279        42       640     0.939   0.05257   0.05465    0.0181   0.07189   0.03019   0.02342
     8/299     3.03G   0.07085   0.02976    0.0234     0.124        47       640    0.9277   0.04693   0.04223  0.009888   0.07538   0.02875   0.02231
     9/299     3.03G   0.07074   0.02978   0.02285    0.1234        52       640    0.9395   0.05099   0.06756   0.02349   0.07099   0.03115   0.02291
    10/299     3.03G   0.06775   0.02999   0.02276    0.1205        29       640    0.8062   0.06009   0.05335   0.01688   0.07171   0.03168   0.02363
    11/299     3.03G   0.06562   0.02979   0.02171    0.1171        43       640     0.844   0.07621   0.07465   0.02737    0.0691   0.03036   0.02696
    12/299     3.03G   0.06445   0.03002   0.02064    0.1151        50       640    0.6029    0.1383    0.0885   0.03228   0.06282   0.03124    0.0211
    13/299     3.03G   0.06244   0.02989   0.01981    0.1121        32       640     0.619    0.1234   0.09711   0.03286   0.06243   0.03005   0.01999
    14/299     3.03G   0.06133   0.02966    0.0194    0.1104        44       640    0.6141    0.1464    0.1087   0.04645   0.05915   0.02937   0.02024
    15/299     3.03G   0.06082   0.02966   0.01909    0.1096        66       640    0.3464    0.1716   0.09189   0.03447   0.06297   0.02902   0.02066
    16/299     3.03G   0.06007   0.02912   0.01808    0.1073        55       640    0.4725    0.1939    0.1035    0.0349   0.06109   0.02918   0.02031
    17/299     3.03G   0.05844   0.02849   0.01802    0.1049        40       640    0.5861    0.1673    0.1134   0.04839   0.05939   0.02837   0.02019
    18/299     3.03G    0.0581   0.02983    0.0182    0.1061        33       640    0.4608     0.167   0.09498   0.03786   0.05927   0.02947   0.02075
    19/299     3.03G   0.05781   0.02875   0.01742     0.104        46       640    0.4521     0.156    0.1228   0.04423   0.06108   0.02874    0.0214
    20/299     3.03G   0.05642   0.02868   0.01728    0.1024        57       640    0.3497    0.1417   0.08475   0.03681   0.06113   0.02966   0.02068
    21/299     3.03G   0.05598   0.02817   0.01692    0.1011        42       640    0.4483    0.1266    0.0942   0.03721   0.06173   0.02967   0.02099
    22/299     3.03G   0.05616   0.02771   0.01582   0.09969        38       640    0.3808    0.2015    0.1233   0.04866   0.05715   0.02828    0.0187
    23/299     3.03G   0.05564   0.02841   0.01559   0.09964        60       640     0.501    0.1278   0.08797    0.0364   0.05926   0.02988    0.0196
    24/299     3.03G   0.05454   0.02753   0.01498   0.09704        25       640     0.546    0.2297     0.142   0.05287    0.0584   0.02887   0.01995
    25/299     3.03G   0.05367    0.0277   0.01459   0.09596        44       640    0.3655     0.165    0.1129   0.04465   0.05824   0.02931   0.01936
    26/299     3.03G   0.05389    0.0272    0.0149   0.09599        35       640    0.5412    0.1381     0.118   0.04442   0.05807   0.02812   0.01928
    27/299     3.03G   0.05327   0.02843   0.01414   0.09584        60       640    0.3943    0.1413   0.09621   0.03804   0.06136      0.03   0.01792
    28/299     3.03G   0.05269    0.0272   0.01342   0.09331        38       640    0.2692    0.1515    0.1074   0.04025   0.06088   0.02935   0.02001
    29/299     3.03G    0.0528    0.0275    0.0137     0.094        56       640    0.2521    0.2072    0.1265    0.0514   0.05559   0.02819   0.01927
    30/299     3.03G   0.05294   0.02769    0.0137   0.09433        43       640    0.2525    0.2355     0.124   0.05071   0.05573   0.02858   0.01849
    31/299     3.03G    0.0526   0.02712   0.01351   0.09323        30       640    0.2442    0.1376   0.08716   0.03598   0.05957   0.02993    0.0233
    32/299     3.03G     0.052   0.02754   0.01284   0.09238        53       640    0.4988    0.1605    0.1389   0.05544   0.05468   0.02844   0.02048
    33/299     3.03G   0.05165   0.02764   0.01232   0.09162        38       640    0.6231    0.1257    0.1144   0.04811   0.05794   0.02849    0.0186
    34/299     3.03G   0.05215   0.02795   0.01305   0.09315        49       640    0.2607    0.2046    0.1339   0.05632    0.0558   0.02847    0.0191
    35/299     3.03G   0.05126   0.02738   0.01204   0.09068        49       640    0.3216    0.1789    0.1276   0.04941   0.05919   0.03054   0.02315
    36/299     3.03G   0.05216   0.02761    0.0128   0.09257        42       640    0.3319    0.1827    0.1416   0.06134   0.05441   0.02873   0.01808
    37/299     3.03G   0.05019   0.02744   0.01155   0.08917        41       640    0.2897    0.1997    0.1368   0.05162   0.05621   0.02881   0.01896
    38/299     3.03G   0.05006   0.02686   0.01184   0.08876        28       640    0.3711    0.1618    0.1387   0.05414   0.05486   0.02817   0.01725
    39/299     3.03G   0.04999   0.02777   0.01119   0.08895        55       640    0.3208    0.2245    0.1452    0.0604   0.05642   0.02909   0.01946
    40/299     3.03G   0.04963   0.02752   0.01133   0.08848        40       640    0.4782    0.1914    0.1594   0.06689   0.05611   0.02882      0.02
    41/299     3.03G   0.04918   0.02727   0.01085    0.0873        49       640    0.3747    0.1744    0.1281   0.05841   0.05577   0.02839   0.01866
    42/299     3.03G   0.04968    0.0263   0.01058   0.08656        48       640    0.3172    0.1399    0.1144   0.04506   0.05672   0.02938    0.0185
    43/299     3.03G   0.04785   0.02659   0.01058   0.08502        28       640    0.2617    0.2082    0.1219   0.05098   0.05537   0.02847   0.01887
    44/299     3.03G   0.04863   0.02641    0.0103   0.08535        44       640    0.4235    0.1525    0.1144   0.04879   0.05584   0.02906   0.02047
    45/299     3.03G   0.04849   0.02565   0.01045   0.08459        29       640    0.4935    0.1393    0.1218   0.05007   0.05673   0.02832   0.02158
    46/299     3.03G   0.04914   0.02688  0.009627   0.08565        32       640    0.3163    0.1603    0.1538   0.06514   0.05507   0.02854   0.01867
    47/299     3.03G   0.04781   0.02618   0.00995   0.08394        44       640    0.5154    0.1279    0.1282   0.05219   0.05539   0.02872   0.01936
    48/299     3.03G   0.04758     0.026   0.00975   0.08334        39       640    0.3987    0.1516    0.1072   0.04413   0.05949   0.02984   0.02023
    49/299     3.03G   0.04691   0.02557  0.008712    0.0812        57       640    0.3001    0.1737    0.1304   0.05433   0.05639   0.02831   0.02083
    50/299     3.03G   0.04771   0.02616  0.009001   0.08288        44       640    0.3072    0.1878    0.1361   0.05427   0.05638   0.02915   0.01894
    51/299     3.03G   0.04726    0.0264  0.009446    0.0831        49       640    0.2748    0.2408    0.1379   0.06062    0.0564    0.0298   0.02068
    52/299     3.03G   0.04726   0.02544  0.009131   0.08183        51       640    0.4305    0.1569    0.1222   0.05169   0.05681   0.02869    0.0223
    53/299     3.03G   0.04636   0.02534  0.008509   0.08021        49       640    0.4438    0.1874    0.1612   0.06094   0.05491    0.0283   0.01968
    54/299     3.03G   0.04641   0.02598  0.008866   0.08125        44       640    0.2627    0.2201    0.1372   0.06015   0.05468   0.02892   0.02083
    55/299     3.03G   0.04597   0.02588  0.008726   0.08057        43       640    0.3726     0.203    0.1465    0.0553   0.05585   0.02919   0.02066
    56/299     3.03G   0.04716    0.0261   0.00834    0.0816        29       640    0.3277    0.1667    0.1274   0.05529   0.05647   0.02862   0.02029
    57/299     3.03G   0.04606   0.02561  0.008928    0.0806        56       640    0.3627    0.1603    0.1343   0.05429    0.0543   0.02893   0.01915
    58/299     3.03G   0.04558   0.02531  0.008125   0.07902        34       640    0.2495    0.1849    0.1178     0.053   0.05722   0.02898   0.01969
    59/299     3.03G   0.04552   0.02582  0.008458    0.0798        39       640    0.2789    0.1836    0.1181   0.04998   0.05679   0.02963   0.01992
    60/299     3.03G   0.04582   0.02565   0.00806   0.07953        51       640    0.2883    0.1504    0.1284   0.05987   0.05441   0.02883   0.01966
    61/299     3.03G   0.04527    0.0253  0.007561   0.07813        54       640    0.3941    0.1613    0.1244   0.05281   0.05527   0.02937   0.01964
    62/299     3.03G   0.04527   0.02505  0.007863   0.07818        46       640    0.3412    0.1697    0.1403   0.05632   0.05563   0.02851   0.02016
    63/299     3.03G   0.04473   0.02465  0.007796   0.07718        36       640    0.3203    0.1588    0.1237   0.05015    0.0566   0.02949   0.02232
    64/299     3.03G   0.04479   0.02494   0.00733   0.07705        48       640    0.2866     0.202    0.1354   0.05632   0.05478   0.02896   0.01927
    65/299     3.03G   0.04447    0.0245  0.007752   0.07672        37       640    0.3228    0.1517    0.1388   0.05893   0.05556   0.02952   0.02011
    66/299     3.03G   0.04365   0.02416  0.007428   0.07524        65       640    0.4089    0.1296    0.1162   0.05422   0.05569   0.02883   0.01999
    67/299     3.03G   0.04358   0.02475  0.007272    0.0756        63       640     0.299    0.1909    0.1294   0.05584   0.05429   0.02879    0.0208
    68/299     3.03G   0.04382   0.02457  0.006699   0.07508        31       640    0.3916    0.1603    0.1323   0.05544   0.05568   0.02904   0.02039
    69/299     3.03G    0.0441   0.02461  0.006977   0.07569        37       640    0.3136    0.1499    0.1226   0.05251   0.05429   0.02919    0.0207
    70/299     3.03G   0.04376   0.02387  0.006688   0.07433        61       640    0.3686     0.189    0.1533   0.06352   0.05488   0.02919   0.01968
    71/299     3.03G   0.04356   0.02406  0.006303   0.07392        52       640     0.291    0.1748    0.1141   0.05269   0.05652   0.02952   0.02272
    72/299     3.03G   0.04307   0.02466  0.006385   0.07411        65       640    0.3488    0.1585    0.1245   0.05513    0.0559   0.03021   0.02211
    73/299     3.03G    0.0428   0.02387  0.006033    0.0727        39       640    0.1818      0.19    0.1305   0.05804   0.05479    0.0291   0.02177
    74/299     3.03G   0.04258     0.024  0.006537   0.07312        60       640    0.2841    0.1551    0.1189    0.0506   0.05565   0.02932   0.02048
    75/299     3.03G   0.04258   0.02378  0.005916   0.07227        53       640    0.3277    0.1845    0.1365   0.05776   0.05427   0.02963   0.02137
    76/299     3.03G   0.04309   0.02401  0.006205   0.07331        39       640     0.322    0.1645    0.1407   0.07159   0.05487   0.02995   0.02272
    77/299     3.03G   0.04275   0.02358  0.006185   0.07252        35       640    0.1815     0.159    0.1231   0.05483   0.05518   0.02955   0.02177
    78/299     3.03G   0.04246   0.02393  0.005937   0.07233        48       640    0.1936    0.1486    0.1208   0.05612   0.05533   0.02988   0.02242
    79/299     3.03G   0.04156   0.02396  0.005257   0.07078        38       640    0.1973    0.1833    0.1376   0.05826   0.05576   0.03008   0.02224
    80/299     3.03G   0.04106   0.02382  0.005738   0.07062        58       640    0.3528    0.1601    0.1251   0.05197   0.05493   0.02941   0.02247
    81/299     3.03G   0.04177   0.02395  0.005791   0.07151        49       640    0.1426      0.22    0.1141   0.04965   0.05709   0.03039   0.02249
    82/299     3.03G   0.04163   0.02391  0.005389   0.07093        52       640    0.1675    0.2162    0.1455   0.06709    0.0552   0.02951   0.02205
    83/299     3.03G   0.04134    0.0234  0.005536   0.07028        24       640      0.27    0.1416    0.1116   0.04881   0.05427    0.0299   0.02141
    84/299     3.03G    0.0409   0.02347  0.005723   0.07009        54       640    0.1599    0.1654    0.1186   0.05095   0.05487   0.02944   0.02287
    85/299     3.03G   0.04047   0.02314  0.005208   0.06882        53       640     0.357    0.1471    0.1265   0.05508   0.05588    0.0296   0.02182
    86/299     3.03G   0.04089   0.02257  0.005322   0.06879        45       640    0.2048    0.1727    0.1401   0.05944   0.05586   0.03023   0.02173
    87/299     3.03G   0.04102    0.0236  0.005251   0.06987        44       640     0.502    0.1341    0.1166   0.05782   0.05536     0.031   0.02121
    88/299     3.03G   0.04126   0.02308  0.005254   0.06959        47       640    0.3608    0.1539    0.1293    0.0538   0.05578   0.03069   0.02051
    89/299     3.03G   0.04055     0.023  0.005251    0.0688        33       640    0.4377     0.139    0.1285   0.05632   0.05588   0.03042   0.02183
    90/299     3.03G   0.04025   0.02311  0.004884   0.06824        63       640    0.2291    0.1889    0.1371   0.05725   0.05467   0.03002   0.02339
    91/299     3.03G   0.04107   0.02262   0.00527   0.06895        50       640    0.2669    0.1564     0.134   0.05405   0.05521   0.03013    0.0207
    92/299     3.03G   0.04021   0.02276  0.004941   0.06792        47       640    0.1496     0.193    0.1269   0.05297   0.05671   0.03061   0.02144
    93/299     3.03G   0.03973   0.02285  0.004934   0.06751        47       640    0.1653     0.219    0.1371   0.05605   0.05498   0.03031   0.02126
    94/299     3.03G   0.03988   0.02246  0.004632   0.06697        35       640    0.3308     0.175    0.1365   0.05954   0.05541   0.03045   0.02121
    95/299     3.03G   0.03971   0.02285  0.004486   0.06705        45       640    0.2062    0.1853    0.1488   0.06456   0.05553   0.03075   0.02137
    96/299     3.03G   0.03915   0.02285  0.004475   0.06648        48       640    0.3487    0.1426    0.1296   0.05705   0.05507   0.03067   0.02323
    97/299     3.03G   0.03907   0.02247  0.004597   0.06614        41       640    0.2357    0.1824    0.1398   0.05764   0.05431   0.03071   0.02258
    98/299     3.03G    0.0391    0.0223  0.004526   0.06592        34       640    0.3067    0.1655    0.1417   0.06154   0.05431   0.03088   0.02271
    99/299     3.03G   0.03889   0.02238  0.004549   0.06582        57       640    0.1805    0.2047    0.1257   0.05614   0.05518   0.03111   0.02396
   100/299     3.03G   0.03892   0.02243  0.004332   0.06568        37       640    0.3435    0.1746    0.1379   0.05736   0.05468   0.03066   0.02353
   101/299     3.03G   0.03851   0.02214  0.004291   0.06493        29       640    0.1863    0.1817    0.1419   0.05783   0.05522   0.02972   0.02196
   102/299     3.03G   0.03891   0.02227  0.004336   0.06551        53       640    0.2135    0.1373    0.1216     0.055   0.05546   0.03097   0.02413
   103/299     3.03G   0.03822   0.02177  0.004692   0.06468        54       640    0.2069    0.1667    0.1278    0.0544   0.05503   0.03047   0.02241
   104/299     3.03G   0.03905   0.02217  0.004584    0.0658        42       640     0.412     0.159    0.1354   0.05952   0.05489   0.03114    0.0222
